4.59121e-41
1.4013e-45
0
4.35164e+07
4.59121e-41
1.30986e-31
3.37965e-41
4.36864e+07
4.59121e-41
4.36861e+07
4.59121e-41
4.36859e+07
4.59121e-41
4.36865e+07
4.59121e-41
1.47932e-31
3.37965e-41
1.47932e-31
3.37965e-41
1.47938e-31
3.37965e-41
1.48559e-31
3.37965e-41
1.49027e-31
3.37965e-41
1.49026e-31
3.37965e-41
4.36865e+07
4.59121e-41
4.36898e+07
4.59121e-41
4.36856e+07
4.59121e-41
1.30987e-31
3.37965e-41
1.49905e-31
3.37965e-41
4.36865e+07
4.59121e-41
4.36874e+07
4.59121e-41
4.36898e+07
4.59121e-41
4.36867e+07
4.59121e-41
1.30983e-31
3.37965e-41
4.36874e+07
4.59121e-41
4.36873e+07
4.59121e-41
4.3687e+07
4.59121e-41
4.36898e+07
4.59121e-41
1.47932e-31
3.37965e-41
1.47932e-31
3.37965e-41
1.47938e-31
3.37965e-41
1.48559e-31
3.37965e-41
1.47932e-31
3.37965e-41
1.47932e-31
3.37965e-41
1.47938e-31
3.37965e-41
1.48559e-31
3.37965e-41
1.49027e-31
3.37965e-41
1.49026e-31
3.37965e-41
1.49032e-31
3.37965e-41
1.48564e-31
3.37965e-41
1.49027e-31
3.37965e-41
1.49026e-31
3.37965e-41
1.49032e-31
3.37965e-41
1.48564e-31
3.37965e-41
1.49589e-31
3.37965e-41
1.49589e-31
3.37965e-41
1.49595e-31
3.37965e-41
1.49584e-31
3.37965e-41
1.49589e-31
3.37965e-41
1.49589e-31
3.37965e-41
1.49595e-31
3.37965e-41
1.49584e-31
3.37965e-41
1.499e-31
3.37965e-41
1.49899e-31
3.37965e-41
1.49905e-31
3.37965e-41
1.49588e-31
3.37965e-41
4.36869e+07
4.59121e-41
1.43255e-29
6.82491e+14
4.36876e+07
4.59121e-41
1.30979e-31
3.37965e-41
4.36881e+07
4.59121e-41
4.36879e+07
4.59121e-41
4.36878e+07
4.59121e-41
4.36898e+07
4.59121e-41
1.47932e-31
3.37965e-41
1.47932e-31
3.37965e-41
1.47938e-31
3.37965e-41
1.48559e-31
3.37965e-41
1.47932e-31
3.37965e-41
1.47932e-31
3.37965e-41
1.47938e-31
3.37965e-41
1.48559e-31
3.37965e-41
1.49027e-31
3.37965e-41
1.49026e-31
3.37965e-41
1.49032e-31
3.37965e-41
1.48564e-31
3.37965e-41
1.49027e-31
3.37965e-41
1.49026e-31
3.37965e-41
1.49032e-31
3.37965e-41
1.48564e-31
3.37965e-41
1.49589e-31
3.37965e-41
1.49589e-31
3.37965e-41
1.49595e-31
3.37965e-41
1.49584e-31
3.37965e-41
4.36885e+07
4.59121e-41
1.43255e-29
6.82491e+14
4.36883e+07
4.59121e-41
1.30976e-31
3.37965e-41
4.36888e+07
4.59121e-41
4.36886e+07
4.59121e-41
4.36885e+07
4.59121e-41
4.36898e+07
4.59121e-41
1.47932e-31
3.37965e-41
1.47932e-31
3.37965e-41
1.47938e-31
3.37965e-41
1.48559e-31
3.37965e-41
1.49027e-31
3.37965e-41
1.49026e-31
3.37965e-41
1.49032e-31
3.37965e-41
1.48564e-31
3.37965e-41
1.49589e-31
3.37965e-41
1.49589e-31
3.37965e-41
1.49595e-31
3.37965e-41
1.49584e-31
3.37965e-41
4.36892e+07
4.59121e-41
1.43255e-29
6.82491e+14
4.3689e+07
4.59121e-41
1.30974e-31
3.37965e-41
4.36895e+07
4.59121e-41
4.36893e+07
4.59121e-41
4.36892e+07
4.59121e-41
4.36898e+07
4.59121e-41
4.36886e+07
4.59121e-41
1.30882e-31
2.35775e-38
1.47932e-31
3.37965e-41
1.47932e-31
3.37965e-41
1.47938e-31
3.37965e-41
1.48559e-31
3.37965e-41
1.49027e-31
3.37965e-41
1.49026e-31
3.37965e-41
1.49032e-31
3.37965e-41
1.48564e-31
3.37965e-41
1.49589e-31
3.37965e-41
1.49589e-31
3.37965e-41
1.49595e-31
3.37965e-41
1.49584e-31
3.37965e-41
4.36899e+07
4.59121e-41
1.43255e-29
6.82491e+14
4.36897e+07
4.59121e-41
1.30967e-31
3.37965e-41
4.36894e+07
4.59121e-41
1.48039e-31
3.37965e-41
4.36902e+07
4.59121e-41
4.369e+07
4.59121e-41
4.36899e+07
4.59121e-41
4.36898e+07
4.59121e-41
1.47932e-31
3.37965e-41
1.47932e-31
3.37965e-41
1.47938e-31
3.37965e-41
1.48559e-31
3.37965e-41
1.49027e-31
3.37965e-41
1.49026e-31
3.37965e-41
1.49032e-31
3.37965e-41
1.48564e-31
3.37965e-41
1.49589e-31
3.37965e-41
1.49589e-31
3.37965e-41
1.49595e-31
3.37965e-41
1.49584e-31
3.37965e-41
1.47931e-31
3.37965e-41
1.43255e-29
6.82491e+14
4.36904e+07
4.59121e-41
1.30957e-31
3.37965e-41
1.47931e-31
3.37965e-41
1.48039e-31
3.37965e-41
1.499e-31
3.37965e-41
1.49899e-31
3.37965e-41
1.49905e-31
3.37965e-41
1.49588e-31
3.37965e-41
1.47932e-31
3.37965e-41
1.47932e-31
3.37965e-41
1.47938e-31
3.37965e-41
1.48559e-31
3.37965e-41
1.49027e-31
3.37965e-41
1.49026e-31
3.37965e-41
1.49032e-31
3.37965e-41
1.48564e-31
3.37965e-41
1.49589e-31
3.37965e-41
1.49589e-31
3.37965e-41
1.49595e-31
3.37965e-41
1.49584e-31
3.37965e-41
1.4013e-45
0
1.43255e-29
6.82491e+14
1.48039e-31
3.37965e-41
1.48039e-31
3.37965e-41
4.36906e+07
4.59121e-41
1.30943e-31
3.37965e-41
1.47931e-31
3.37965e-41
1.48039e-31
3.37965e-41
1.48039e-31
3.37965e-41
1.48039e-31
3.37965e-41
4.36909e+07
4.59121e-41
1.30945e-31
3.37965e-41
4.36908e+07
4.59121e-41
1.47931e-31
3.37965e-41
1.48039e-31
3.37965e-41
4.36937e+07
4.59121e-41
2.01787e-43
0
1.48039e-31
3.37965e-41
1.47931e-31
3.37965e-41
1.30601e-31
3.37965e-41
4.36911e+07
4.59121e-41
1.30938e-31
3.37965e-41
4.36911e+07
4.59121e-41
1.47931e-31
3.37965e-41
1.48039e-31
3.37965e-41
4.36937e+07
4.59121e-41
4.36914e+07
4.59121e-41
1.30925e-31
3.37965e-41
1.4013e-45
0
1.47931e-31
3.37965e-41
1.48038e-31
3.37965e-41
4.36937e+07
4.59121e-41
4.36937e+07
4.59121e-41
4.36953e+07
4.59121e-41
4.36916e+07
4.59121e-41
1.30913e-31
3.37965e-41
1.47931e-31
3.37965e-41
4.36937e+07
4.59121e-41
4.36916e+07
4.59121e-41
1.48038e-31
3.37965e-41
4.36918e+07
4.59121e-41
1.30891e-31
3.37965e-41
1.47931e-31
3.37965e-41
4.36928e+07
4.59121e-41
4.3692e+07
4.59121e-41
4.36937e+07
4.59121e-41
4.3692e+07
4.59121e-41
1.30864e-31
3.37965e-41
0
0
4.36928e+07
4.59121e-41
1.4793e-31
3.37965e-41
4.36937e+07
4.59121e-41
0
0
1.4793e-31
3.37965e-41
4.36924e+07
4.59121e-41
1.30824e-31
3.37965e-41
4.36928e+07
4.59121e-41
1.48038e-31
3.37965e-41
0
0
1.4811e-31
3.37965e-41
4.36924e+07
4.59121e-41
1.30826e-31
3.37965e-41
4.36935e+07
4.59121e-41
4.36937e+07
4.59121e-41
4.36927e+07
4.59121e-41
1.30767e-31
3.37965e-41
4.36935e+07
4.59121e-41
4.36928e+07
4.59121e-41
4.36935e+07
4.59121e-41
4.36937e+07
4.59121e-41
4.36927e+07
4.59121e-41
1.48118e-31
3.37965e-41
4.36937e+07
4.59121e-41
0
0
4.36929e+07
4.59121e-41
1.30714e-31
3.37965e-41
4.36935e+07
4.59121e-41
4.36937e+07
4.59121e-41
4.36937e+07
4.59121e-41
4.36937e+07
4.59121e-41
4.36931e+07
4.59121e-41
1.30677e-31
3.37965e-41
4.36935e+07
4.59121e-41
4.36937e+07
4.59121e-41
-9.20403e+10
4.20207e-41
0
0
0
0
0
0
0
0
0
0
0
1.27328e+32
0.5
-2.7302e+06
0.571666
0.573085
0.583323
0.14293
0.00235653
0.0102081
0.00602531
-0.0150928
-0.00048542
-0.0184393
0.00576687
-0.0111065
0.00947475
-0.01964
0.00903511
-0.00649834
0.00852966
0.00552845
0.00761604
0.0188065
0.0178604
0.0120735
0.001544
0.0235558
0.00207233
0.000844955
-0.00403214
0.00448799
-0.00728035
0.0177822
0.00342846
-0.00504017
0.00268745
0.0157671
-0.0036869
0.00122547
-0.00945568
-0.00942516
0.0111361
-0.0183592
0.00699234
0.00406551
0.00431156
-0.0094738
0.00579929
-0.0018301
-0.0206261
0.0110331
0.00670242
-0.00307465
0.0017643
-0.0152016
-0.0121613
-0.00822353
-0.0232954
0.0133648
-0.012044
-0.00599957
-0.0115147
0.00271988
-0.0127449
-0.0303955
0.00397873
-0.0194464
-0.0183773
-0.0120888
0.00742912
-0.00503254
0.0061121
0.00255585
0.027338
0.00252533
0.0167665
-0.00585842
-0.0117521
-0.00452805
-0.0066843
0.017128
-0.00922298
0.00857639
0.0291109
0.00725651
-0.00860786
0.0454903
0.0305414
0.0125208
0.00403023
-0.0081377
0.00843048
0.0172844
0.0472212
0.0133104
0.0195646
0.00567245
0.00430489
-0.000357628
-0.0233135
-0.0140619
-0.0146961
-0.0488539
-0.0206909
-0.0282593
-0.027812
0.00824261
-0.00629234
0.00242233
-0.0256586
-0.00387478
0.0140934
0.0111675
0.0258846
0.0213356
0.00497246
0.0152168
-0.00668335
-0.0104294
-0.0187998
0.00676537
0.0252981
0.00595856
0.00439262
-0.00249863
0.0134182
0.011178
-0.0158596
-0.00951958
0.000271797
0.00370026
0.0267363
0.0356474
0.0428505
0.0493116
0.0354671
0.0359163
0.0002985
0.0200567
-0.00783253
0.0219231
-0.00188637
0.00322533
0.0186291
0.0110579
0.00129414
-0.0205097
-0.0211029
-0.0385895
-0.0317488
-0.0488091
-0.0324507
-0.0431557
-0.0174952
-0.0359888
-0.0130053
-0.0337334
-0.0163679
-0.0233326
-0.0387974
-0.00936317
4.29153e-05
0.0104027
-0.00642586
0.00566578
0.0238905
0.0207119
-0.00222588
-0.00159931
-0.0053196
0.00401783
0.00734138
0.0460014
0.0114202
0.00145435
0.00258446
0.00262642
-0.00325966
0.00278282
-0.00460529
-0.00800419
-0.00861454
0.0086937
0.010128
0.0402393
0.0041523
-0.00125694
0.000461578
-0.0478039
-0.0101643
-0.0242996
-0.00325966
-0.014986
-0.0240555
-0.0214386
-0.00194931
0.000473022
-0.0100536
0.0153561
0.0251961
-0.007967
0.00345135
0.00404644
0.0174856
0.00924873
0.00683498
0.0296497
0.0197792
0.0176182
0.0164785
0.0103598
0.0166416
0.00851631
0.0273151
0.000957489
-0.0142078
-0.00618839
0.00853825
-0.001297
-0.0115376
-0.00973892
-0.0137587
-0.00537109
-0.0101089
-0.00586033
0.0148525
0.00852966
0.011035
0.00307274
-0.0190392
-0.0262566
-0.0145416
0.00692558
-0.00179768
-0.00693035
-0.0161667
-0.00433636
-0.00926399
-0.012619
-0.00875664
-0.00662708
-0.0260162
-0.00941086
-0.0246382
-0.0160732
-0.00412941
0.0012331
0.00715351
-0.0167437
0.00237083
0.0165691
0.0218983
0.0330896
0.0382385
0.0217113
0.0215425
0.0100603
0.0290775
0.0206261
0.0200129
0.0243568
0.00228786
0.0111704
0.0162954
0.0114985
0.000652313
-0.0134182
0.00365067
-0.0284262
-0.017724
0.00502968
0.00174522
-0.0266371
-0.0235949
-0.0325537
-0.0245571
-0.0210695
-0.00887299
-0.0131903
-0.0228357
-0.00616455
-0.000224113
-0.00240231
-0.000844955
0.00331402
0.00402069
-0.0116825
-0.00929546
0.0302687
0.00706673
0.0202045
0.0159864
0.0179462
0.00123215
0.00669765
0.00230217
-0.00915909
-0.0113478
0.00466251
-0.0101614
0.0140123
-0.000951767
0.0227976
0.00319767
-0.00552177
-0.0114326
-0.0217237
-0.00840855
-0.00699806
0.00678253
-0.00517082
0.00191307
-0.00658703
0.00301647
0.00320148
0.000971794
-0.00300312
-0.00369263
-0.0117474
3.33786e-05
-0.0122633
0.0153284
0.017024
-0.00434303
-0.00948143
-0.00440788
0.0128937
-0.0051136
0.0112572
0.00103951
0.00557137
-0.00827026
-0.0018692
0.00358009
-0.0100098
-0.0124054
0.00362015
-0.00616455
-0.0017643
0.0111141
0.00124454
0.00498676
0.00130939
-0.00533581
-0.0100603
-0.0017004
-0.00213146
0.0115242
-0.0104465
-0.00507832
0.00157547
-0.00108719
0.0105629
0.00643253
0.00200462
-0.00319195
0.00578022
0.00148487
-0.00926781
0.0171862
0.0171776
-0.00955677
0.00114536
-0.00751781
0.0115309
0.00423336
0.0045681
0.0141745
0.00404263
0.00619793
-0.00475216
0.00891876
-0.0163422
0.00348568
-0.000955582
0.00175858
0.00832176
0.0206013
0.00117302
0.0120955
-0.0116482
-0.00764561
-0.0109234
-0.0101337
-0.011714
-0.0156946
0.00130939
-0.017251
0.0123758
-0.00613499
0.0108585
-0.0147972
-0.0241728
-0.00743294
-0.00143242
-0.0100031
0.000518799
-0.00431919
0.016675
-0.00198555
-0.00197124
0.00941753
0.00390053
0.0233393
-0.000592232
0.000613213
-0.0263615
0.0047245
0.00234509
-0.0019989
-0.00717831
-0.00716686
0.00205803
0.000564575
-0.0115566
-0.00586033
-0.0129633
-0.00947666
-0.00908947
-0.00475216
-0.0079937
-0.00816727
0.0243349
0.0136557
0.0223436
0.0170631
0.00258732
0.00901413
0.015564
0.0270309
0.00545597
0.0335426
0.0240784
0.00265408
0.014266
-0.014945
0.0207262
0.0189247
-0.00722599
-0.00430298
-0.0183563
-0.0122013
-0.0144749
-0.0014286
-0.00809383
-0.00592613
0.00773525
-0.0218172
-0.0147934
0.000792503
-0.0140324
0.0028944
-0.0402775
-0.0251436
-0.0180225
-0.0160208
-0.00221634
-0.0118618
0.022027
0.000660896
-0.00667286
-0.00954437
-0.00718021
0.00923538
0.00829029
0.00315762
0.0053339
-0.000580788
0.0456553
0.0269022
0.0186338
0.0261984
0.00583744
0.0182943
-0.00323772
0.00481987
0.0105791
0.0051899
-0.00125885
0.00246525
0.0171804
0.000332832
0.0083313
0.0246668
-0.000669479
-0.00601959
-0.00966454
-0.0099411
-0.00626564
-0.00811386
-0.00819016
-0.00978279
-0.00210953
-0.010376
0.000394821
-0.0104351
-0.0161476
-0.0102997
0.00135994
-0.00141907
-0.0173683
-0.0256987
0
-0.0134401
-0.000185966
-0.0212994
-0.00623608
-0.00192356
-0.0204439
-0.00704098
-0.0198021
-0.000846863
-0.0020237
0.0130463
-0.00794601
-0.0173845
0.00905418
0.020113
0.0122452
0.0133839
0.0125027
0.0222549
0.0228004
0.0200338
0.0316648
0.0198202
0.0221462
0.0126944
0.0110493
-0.0099659
0.0102692
0.00233269
0.00890255
-0.00618649
-0.0068922
-0.00299072
-0.000291824
0.00680161
-0.0331564
-0.0132952
-0.0378027
-0.0229273
0.0041008
-0.00335598
-0.0111074
0.0130434
-0.017211
-0.00801182
-0.0271463
-0.00888252
-0.00484848
-0.0186596
-0.00622559
-0.0200691
0.0219917
0.00422096
0.0208912
0.0147591
-0.000286102
-0.00559044
-0.00556374
-0.0184097
0.0104599
-7.24792e-05
-0.0169573
-0.00522041
0.00257492
0.0159798
0.00364113
0.0208769
-0.00233269
0.00248432
0.00325394
0.00519657
-0.0206966
0.0079031
0.0124435
0.00771427
-0.00865364
-0.00179386
0.0343084
0.0181894
0.00538635
0.00127602
-0.0130138
-0.0167866
0.00507545
0.0069313
-0.00115013
-0.00115204
0.00845718
-0.00131416
-0.00240517
0.00461197
0.00214767
0.00606728
-0.00139618
0.0116034
0.0127001
0.0121889
0.00927925
0.00831699
-0.00642014
-0.0110731
0.000294685
-0.0107069
0.00710487
-0.00927734
-0.00618744
-0.0116873
-0.00760269
0.00037384
-0.00987816
-0.0179281
-0.0328226
-0.0111322
-0.00545692
-0.0121193
2.67029e-05
-0.0189085
-0.0206413
-0.00719452
-0.0148382
-0.0174026
-0.00997448
-0.00132942
0.011179
-0.00188255
0.00315857
0.00795364
0.032156
-0.0014534
-0.00125027
0.0339127
0.0184202
0.0402651
0.0315933
0.01373
0.00952053
0.0177555
0.0100193
0.00871372
-0.00179005
-0.000537872
-0.00417042
0.00451565
-0.0241976
-0.00203896
0.00648499
-0.0329285
-0.0104809
-0.0109663
-0.00306034
-0.0159769
-0.000984192
-0.00227928
-0.00143623
0.00304317
0.00439072
-0.00230312
0.00636292
-0.010807
-0.00332832
-0.00396729
0.0080986
0.0136242
-0.00151634
-0.0146732
-0.00243187
0.0357285
0.0247002
0.0101643
0.0301933
0.0217075
0.00414658
0.0123615
0.00447941
-0.00358105
0.0194197
0.0164595
-0.0064497
-0.00359535
-0.000991821
-0.00954819
-0.0126286
-0.0116596
-0.016798
-0.0120325
-0.0226231
-0.0282269
-0.0026865
-0.0132961
-0.00112343
0.00872421
-0.00901222
-0.00244522
0.00641918
9.25064e-05
0.00143433
0.00362015
0.00371456
-0.0207539
-0.00150204
0.013217
0.00109196
0.0145054
0.00263977
0.0168924
0.000805855
-0.00062561
-0.00451851
0.00847435
-0.00630379
-0.00124168
0.00402164
0.00720882
0.00282288
0.00618553
-0.00651455
-0.00985813
-0.0180302
-0.00377274
-0.00408649
-0.0231333
-0.00868702
0.00803375
0.00226974
-0.0127068
0.0117931
0.0112114
-0.00431252
-0.000183105
-0.0118446
-0.00509357
0.00557041
0.00275707
0.00841236
-0.00521088
0.00161839
0.0138178
0.00608063
-0.0101728
-0.00240707
-0.00893784
-0.00979614
-0.00525475
0.00869274
0.00528431
0.00773239
0.0218153
-0.00709057
0.00821972
0.0116749
-0.00599766
0.00697136
0.000434875
-0.0115623
0.0181208
0.00718117
0.00690365
-0.010581
-0.0121927
-0.0109653
-0.0106163
-0.00619602
-0.026618
-0.00994492
0.00401115
-0.00505733
-0.00636482
-0.00538158
0.0062685
0.013648
-0.0122528
0.00236702
-0.0119677
0.00761414
0.0101614
-0.0121841
0.01439
0.0221558
0.0225677
0.0238142
0.0089426
0.00966263
0.027029
-0.00149727
-0.00720692
0.00503922
-0.00322819
0.00210094
-0.00397205
-0.000109673
-0.00207233
-0.000905037
0.00527096
-0.00758648
-0.0124063
-0.0204353
-0.0325994
-0.00609207
-0.0302448
-0.0168552
-0.00541973
-0.00687695
-0.00851059
-0.00639439
0.0110216
0.00263786
-0.00374699
0.0181742
-0.0029459
-0.00100613
0.000161171
0.0179853
0.017168
0.00520039
0.0211353
0.0269861
0.00788021
0.000499725
0.00736713
-0.00298119
0.00981331
0.0104923
0.000926971
0.00395679
-0.000959396
-0.00404358
0.0120802
0.00410938
0.00751305
-0.010747
-0.0120325
-0.0210619
-0.0129976
-0.0117636
-0.000559807
0.00594997
-0.00546551
-0.0205402
-0.00257111
-0.0171814
-0.00797176
-0.00571442
-0.0059042
-0.0193138
-0.0109587
0.00995541
5.72205e-06
-0.000540733
0.00776577
-0.000513077
-0.0110531
-0.00616837
-0.0155048
0.0111895
0.00827122
0.0187368
0.00826263
0.018465
0.00772476
0.0187798
-0.0209484
-0.0112801
0.00576782
0.000597954
-0.00236893
0.00886822
0.0237799
0.00779057
0.00288773
0.000135422
-0.000164032
-0.0097208
-0.0174227
-0.014987
-0.0278893
-0.0285416
0.00874615
-0.00253487
-0.0303669
-0.0170603
-0.0261517
-0.0301037
-0.0383434
-0.0263777
-0.00963497
-0.024826
-0.0214663
-0.0102348
-0.00445557
0.00380707
0.0379248
0.0304308
0.019372
0.0187092
0.0404873
0.0460691
0.044898
0.0416098
0.0668449
0.0470133
0.0502501
0.0667229
0.0509005
0.043622
0.0404682
0.0195808
-0.0182886
-0.0373898
-0.0295134
-0.0450554
-0.043848
-0.0425205
-0.0382938
-0.0203438
-0.0287352
-0.0209465
-0.0210781
-0.0381145
-0.0460644
-0.0176449
-0.0139771
-0.00329971
0.00668526
0.0488815
0.0380917
0.0373268
0.0223083
0.0225315
0.0182171
0.00786591
-0.0089159
-0.0220175
-0.00901604
-0.0160236
0.00295734
-0.0283251
-0.0369377
-0.0279465
-0.00857544
-0.0394182
-0.0167751
-0.0124788
0.00103283
-0.0169067
0.0144196
-0.0022974
-0.000451088
0.0181236
0.000115395
0.0036211
0.00112534
0.0238628
0.0374975
0.0303421
0.0148878
0.0342064
0.00789928
0.0119171
-0.00137234
0.00890064
-0.0196238
-0.00818157
-0.0171385
-0.0147762
-0.00693703
0.000303268
0.00168037
-0.00775719
-0.00937653
-0.0251064
-0.00714874
-0.0335655
0.00257111
-0.00541878
0.0171814
0.001091
0.00312614
0.0129728
0.0319195
0.0333185
0.0254221
0.010644
-0.0016489
-0.0109739
0.00855827
-0.00419331
-0.0106201
0.010005
-0.00788212
0.00793839
0.00472641
0.0119677
0.00871658
0.00300789
-0.0113029
-0.0247555
-0.0316601
-0.0163498
0.00910568
0.00453568
-0.00891685
0.0201359
0.00834846
0.00195694
-0.00340843
-0.0234489
-0.00877762
-0.00942993
0.0150852
0.00506973
0.0189009
0
0.0297136
0.0207806
0.0126705
0.0202065
0.00261784
-0.0128565
-0.017065
-0.00485802
-0.00661182
0.026494
-0.00182056
0.0109396
-0.0111399
-0.0118141
-0.0349274
-0.0215454
-0.0203581
-0.0105553
-0.0124731
-0.0139723
-0.0228491
0.00154495
0.0118151
0.0252228
0.0113964
-0.0228329
0.00144386
-0.0087595
-0.00158978
-0.0103636
0.00234032
-0.00492001
0.0127535
0.014164
0.00977325
0.00409985
0.0108223
-0.00868607
-0.0248661
-0.0346889
-0.0224638
-0.0134325
-0.0220108
-0.0126038
-0.00973415
0.0117931
0.00975895
0.00771999
-0.0133724
-0.016469
-0.02108
-0.00386429
0.00988674
0.0174952
0.0295773
0.0232716
0.0249691
0.0388813
0.0255136
0.0110769
0.00689507
-0.00996399
-0.0137482
-0.0105
-0.00317001
0.000908852
0.00988865
-0.00348377
0.00212002
-0.0016346
0.0162163
0.0279455
0.00591183
-0.00464439
-0.00243759
2.95639e-05
-0.00669003
0.00556278
0.0175056
0.0172319
-0.00739384
-0.013648
-0.0104914
-0.00648117
-0.0201693
-0.0112724
-0.0262556
-0.0476408
-0.0255518
-0.0218601
-0.0168877
-0.0178671
-0.0145187
0.0062027
-0.00782013
0.00200844
0.0239544
0.0131512
0.00837517
0.0108013
0.0139523
0.00735283
0.00672913
0.0164394
0.0176716
0.0319595
0.0232315
0.0345383
0.0255184
0.0162754
0.0152225
0.017148
0.000928879
0.00989342
0.00515079
0.00514984
-0.000469208
0.00103378
-0.00850201
-0.0222349
-0.0156927
-0.0163507
5.72205e-05
-0.0167885
0.0142899
-0.0173559
0.00327015
-0.0150537
-0.00646973
-0.00986958
-0.00309849
-0.0165195
-0.00649166
-0.00761604
0.00856972
0.0313015
0.00637627
-0.000295639
-0.0154057
0.0117235
-0.0281134
0.00103378
-0.0190773
-0.00658226
0.00347519
0.00725269
-0.0109339
0.020299
0.00868893
0.00569916
-0.00509357
-0.0211277
0.00849628
0.00335693
0.00179482
-0.00979805
0.00900173
0.000840187
-0.000541687
0.010047
0.00245285
-0.000683784
0.0208864
-0.0180302
-0.00813007
0.00781059
0.0176306
0.0367556
0.0116405
0.0143776
0.0195818
0.00352383
-0.00126171
0.00017643
0.000413895
-0.00398159
-0.00881195
-0.00569534
-0.0104771
0.00960064
0.0030756
-0.016098
-0.0145626
-0.0487509
-0.0213985
-0.0273705
-0.0383024
-0.014904
-0.014286
-0.0139437
-0.000963211
0.00271225
-0.01964
-0.00327492
-0.00278187
-0.014349
-0.023737
-0.00389481
-0.00100899
-0.000239372
-0.0189342
-0.00499725
0.00245476
-0.0030632
0.00766182
0.0118046
0.0194225
-0.00736618
0.00766754
0.00425529
0.00304031
0.00895119
0.0170708
0.012661
0.0213146
0.0249004
0.0305672
0.0210552
0.0275631
0.0112114
0.00889587
0.00238132
-0.0172119
0.00810719
0.00673008
0.00495338
0.00022316
0.00897694
-0.0015173
0.00729656
-0.0109997
0.00906181
0.00619793
-0.00220776
0.00454712
0.00442314
0.00270557
0.00604343
0.00396824
-0.00282001
0.00584221
0.0014801
0.0050478
0.0032568
0.0105572
0.00306797
-0.0134201
-0.00456047
-0.0260324
-0.0176668
-0.0243101
-0.0100346
-0.00452423
-0.00720406
-0.00379467
0.00719547
0.00938606
0.000857353
-0.0156126
-0.0130215
-0.00702858
-0.0220709
0.00367641
-0.00777245
-0.00361061
0.019289
-0.00155926
0.00686741
0.0135698
0.00395679
0.000365257
-0.0220852
-0.0258007
-0.00598526
-0.00165367
0.00082016
-0.00167274
0.0108299
0.00063324
-0.000448227
0.00466156
-0.00123024
0.0166874
-0.00421906
-0.00714302
-0.0125303
-0.00034523
0.00798512
0.0112658
0.00741768
0.00936985
0.00145626
0.0117044
-0.00355721
-0.000333786
0.00591087
0.0233059
0.00114155
-0.00813675
0.0148897
0.00678825
0.00803661
0.00708771
0.00531197
0.00331116
-0.00206852
0.0047245
-0.00462627
-0.00363731
0.0104027
0.00241852
-0.000419617
-0.0137987
0.00203323
0.00349426
-0.0144815
-0.0150728
-0.00413418
0.00405502
0.0036869
0.0043745
0.0123987
0.00641727
-0.00419617
0.0054884
-0.000246048
-0.00159264
-0.00723648
0.00240803
-0.00776958
0.000989914
0.00521755
0.00297165
0.00948429
-0.00261021
0.00468731
0.000891685
-0.0250025
-0.030654
0.00737762
6.19888e-05
-0.00253868
-0.00885677
0.00952911
-0.0103254
0.00225163
-0.00329971
-0.00215244
0.00499439
-0.0104322
-0.00439835
-0.00793648
-0.00854969
0.0130053
0.0198307
-0.0135698
-0.0163593
-0.0135307
0.0126371
-0.00804234
0.0188618
0.000732422
0.0171013
-0.00695705
-0.0120707
0.0105371
0.0118799
-0.00129509
-0.00425148
0.000696182
0.00175476
0.0157747
0.0108709
0.0152721
-0.00402164
0.00659275
-0.0191479
-0.0197668
-0.0307989
-0.00387669
-0.00180721
-0.0218573
-0.0198441
-0.00703812
0.0120153
0.00752163
-0.00171185
-0.000181198
0.00501251
-0.00576305
-0.00701427
-0.0158386
0.0215378
0.0113058
0.00268745
0.0109463
0.00629044
0.007267
-0.00541687
-0.0102234
-0.0238571
-0.013443
0.00775719
-0.0106726
-0.0272217
-0.0022192
0.0169506
0.0180721
0.00285625
0.030818
0.0375433
0.0109472
-0.0100927
0.0237217
0.0286026
0.0262489
0.0187035
-0.020957
-0.00826645
0.00479412
0.022234
0.00187588
-0.00212097
0.00166988
-0.00945091
-0.0290861
-0.0273247
-0.0155058
-0.00617981
-0.0354595
-0.0311022
-0.035037
-0.0154381
0.00911999
0.00586891
0.0155582
-0.00918579
-0.012351
-0.00116634
0.00506783
-0.0182343
-0.0124092
0.00848579
0.00940037
0.0236816
0.0355034
0.0322504
0.0455275
0.0425835
0.0315218
0.00900459
0.012228
0.0260458
0.0219021
0.027566
0.0102901
0.0369158
0.040514
0.000823021
0.0060997
0.0155058
0.0086298
-0.00665092
-0.0197248
-0.0233183
-0.0262184
-0.0152483
-0.0334301
-0.0312662
-0.0407963
-0.0677176
-0.0585833
-0.0639153
-0.0650291
-0.0122976
-0.019536
-0.0319576
-0.0132513
-0.0243216
-0.0106745
-0.00843239
0.0146875
-0.0097456
0.00592327
0.0298824
0.0460606
0.0514851
0.0451355
0.0546436
0.0550442
0.0110302
0.0206108
0.0239983
0.00909424
0.0270767
0.00481224
0.0162735
0.00505638
0.0260248
0.00919819
0.00277805
-0.0191326
-0.0249825
-0.0248175
-0.0108042
-0.0188255
0.00773811
-0.000133514
-0.0117817
-0.0256252
-0.0303478
0
-0.0173712
-0.0308418
-0.0249538
-0.013875
-0.0185213
-0.00984192
-0.00452137
0.00454617
0.00411129
0.000546455
-0.00417137
-0.0043602
0.00396442
0.0105915
0.0153542
0.0112181
0.0225172
0.0200796
0.0125961
0.0086813
-0.0014782
0.0196466
0.0176525
0.00486946
-0.00841999
-0.00711823
-0.0118828
-0.0124912
-0.0197535
-0.0139112
-0.007967
-0.00856495
-0.0259552
-0.00679016
-0.00591183
-0.00734711
-0.0105515
0.00360298
-0.0042696
-0.00327015
-0.0152378
-0.0020237
0.00466442
0.0183144
0.0248756
0.0175076
0.0133257
0.00503159
0.0191936
0.0132141
0.00955963
0.00710201
-0.000891685
-0.0133018
-0.0245247
0.00529861
0.00829983
0.0209322
0.00336266
0.00347328
-0.018096
0.00632477
0.0110188
0.013833
0.0127163
0.0117111
0.0253677
0.0295963
0.0356283
0.0126028
0.0356073
-0.0165033
-0.0280018
-0.0425453
-0.0541439
-0.0959435
-0.0868053
-0.116765
-0.12783
-0.111901
-0.0912457
-0.0718307
-0.0517673
-0.0398474
-0.0315838
-0.010808
0.0153046
0.0451622
0.0778818
0.0843678
0.119517
0.152007
0.163714
0.161019
0.125154
0.0661259
0.0248518
-0.00975037
-0.0459175
-0.0781307
-0.0928659
-0.0847006
-0.0936632
-0.0994349
-0.117657
-0.104452
-0.133727
-0.127137
-0.0896254
-0.0796938
-0.0162907
0.0576448
0.104195
0.1336
0.169655
0.214643
0.241427
0.248514
0.236563
0.268976
0.267806
0.256252
0.281436
0.26721
0.23589
0.232671
0.205008
0.151096
0.0913801
0.0727892
0.00159359
-0.0421982
-0.0741196
-0.100865
-0.127893
-0.152042
-0.133052
-0.151561
-0.154305
-0.150868
-0.162114
-0.161654
-0.179404
-0.168934
-0.146986
-0.16081
-0.123365
-0.10499
-0.0756512
-0.0614452
-0.0403938
-0.0528698
-0.069067
-0.0790119
-0.121168
-0.142927
-0.163673
-0.194195
-0.170548
-0.187521
-0.200298
-0.198473
-0.184592
-0.200857
-0.206791
-0.210675
-0.207395
-0.166573
-0.133631
-0.107568
-0.0500088
0.00730991
0.0691571
0.146951
0.170375
0.209884
0.2361
0.267195
0.265144
0.305254
0.336318
0.383198
0.424692
0.409626
0.401998
0.385038
0.351132
0.319639
0.267093
0.16017
0.119385
0.0897837
0.0852041
0.0683203
0.0738277
0.0618401
0.0246143
-0.0592613
-0.112201
-0.159383
-0.205984
-0.2303
-0.2453
-0.244345
-0.256755
-0.202417
-0.188491
-0.160398
-0.188079
-0.184415
-0.231342
-0.26183
-0.279563
-0.262066
-0.25044
-0.227207
-0.206666
-0.17453
-0.159698
-0.180739
-0.170441
-0.170858
-0.185087
-0.207588
-0.181176
-0.180067
-0.128537
-0.0889349
-0.0479293
-0.0133595
0.030345
0.0710244
0.132197
0.172483
0.208634
0.257142
0.317128
0.362468
0.439662
0.506071
0.5244
0.536272
0.542571
0.538927
0.521358
0.462679
0.392891
0.336853
0.252415
0.196789
0.144682
0.0869608
0.0194559
-0.0554953
-0.136567
-0.222362
-0.261153
-0.300632
-0.339887
-0.373059
-0.393085
-0.380218
-0.376618
-0.390813
-0.365569
-0.359404
-0.355589
-0.332752
-0.31696
-0.308639
-0.279044
-0.261477
-0.236208
-0.200586
-0.180887
-0.184375
-0.169288
-0.153814
-0.133931
-0.0765057
-0.0193787
0.0154138
0.0567408
0.0881414
0.145298
0.20129
0.23732
0.26866
0.265172
0.292394
0.315304
0.383821
0.433061
0.490108
0.553988
0.585542
0.579279
0.580088
0.533368
0.47467
0.397536
0.304546
0.219022
0.17035
0.150393
0.0740595
-0.0040369
-0.0950499
-0.186528
-0.272111
-0.371161
-0.448273
-0.503604
-0.502039
-0.474979
-0.446064
-0.405033
-0.357375
-0.320086
-0.321585
-0.304036
-0.307315
-0.250926
-0.253457
-0.219204
-0.178358
-0.159688
-0.142516
-0.136429
-0.168012
-0.179654
-0.172537
-0.17138
-0.145194
-0.110333
-0.04776
-0.0268898
0.0723095
0.0970879
0.18896
0.243562
0.287111
0.351172
0.400866
0.391617
0.409455
0.416485
0.400656
0.407252
0.433332
0.420982
0.40813
0.378303
0.318182
0.278496
0.218834
0.170597
0.0983772
0.0285721
-0.012764
-0.0358953
-0.0876598
-0.148449
-0.185976
-0.248919
-0.301015
-0.32863
-0.357008
-0.329117
-0.322664
-0.293293
-0.303127
-0.338263
-0.333194
-0.343666
-0.367419
-0.348397
-0.329811
-0.262527
-0.213387
-0.162054
-0.128654
-0.11051
-0.104702
-0.114406
-0.110735
-0.122644
-0.0744734
-0.0108414
0.0479755
0.115199
0.174475
0.219573
0.269531
0.296055
0.361057
0.380718
0.387159
0.392731
0.412662
0.417244
0.458991
0.48359
0.508613
0.499681
0.488506
0.451945
0.40341
0.348032
0.267907
0.224424
0.0924549
0.0193348
-0.0823517
-0.149867
-0.192028
-0.248818
-0.319968
-0.381714
-0.436155
-0.459911
-0.494517
-0.505893
-0.494132
-0.474558
-0.41616
-0.4001
-0.340007
-0.299021
-0.232483
-0.192403
-0.177578
-0.142273
-0.117661
-0.109671
-0.108074
-0.107781
-0.0955777
-0.115864
-0.0843682
-0.0788178
-0.0742507
-0.0290976
-0.00213003
0.0526309
0.104603
0.149306
0.185335
0.228134
0.231517
0.25101
0.272077
0.28821
0.309259
0.345497
0.332557
0.348937
0.340982
0.27636
0.257607
0.208649
0.168898
0.130489
0.100045
0.0722132
0.0575781
0.0345716
-0.00650501
-0.0447226
-0.107097
-0.129585
-0.15941
-0.180479
-0.193437
-0.185783
-0.192294
-0.203704
-0.211043
-0.223976
-0.228985
-0.2421
-0.237313
-0.218235
-0.216755
-0.196034
-0.183672
-0.157851
-0.113983
-0.120773
-0.100904
-0.076972
-0.0456972
-0.00188255
0.0182233
0.0470176
0.0762277
0.0903664
0.109173
0.129004
0.171218
0.175056
0.228025
0.241232
0.223654
0.256573
0.292151
0.289308
0.30619
0.309237
0.302163
0.312636
0
0.313151
0.300305
0.315268
0.308908
0.323507
0.303929
0.222787
0.168173
0.0684452
-0.0326347
-0.137654
-0.222876
-0.302224
-0.318568
-0.350823
-0.333664
-0.372018
-0.355584
-0.400768
-0.409589
-0.442985
-0.463435
-0.431952
-0.404811
-0.352461
-0.29474
-0.22825
-0.183151
-0.136685
-0.141326
-0.134702
-0.135306
-0.127971
-0.14111
-0.117814
-0.107051
-0.0834408
-0.0163674
0.0359163
0.0863771
0.138219
0.148257
0.19485
0.210873
0.24882
0.273725
0.304356
0.309304
0.32509
0.367393
0.38722
0.422845
0.436049
0.382438
0.340115
0.27522
0.193278
0.151717
0.107756
0.0601072
0.0136938
-0.00660992
-0.0198441
-0.0446157
-0.0800238
-0.149977
-0.193708
-0.268227
-0.309888
-0.328647
-0.329242
-0.31627
-0.272377
-0.253829
-0.228719
-0.189861
-0.175406
-0.159547
-0.18044
-0.171551
-0.146657
-0.130292
-0.121791
-0.101659
-0.0838857
-0.066195
-0.0373702
-0.0260501
0.0106831
0.0367494
0.0489755
0.0785336
0.0885315
0.112619
0.156419
0.172504
0.201164
0.239976
0.286165
0.31323
0.334883
0.352874
0.3531
0.366467
0.342064
0.341642
0.314371
0.277121
0.26217
0.262969
0.251481
0.245988
0.19766
0.103248
0.0107574
-0.0630283
-0.1345
-0.210252
-0.250662
-0.272827
-0.285548
-0.311712
-0.307743
-0.319586
-0.329736
-0.373669
-0.400992
-0.42697
-0.406548
-0.363566
-0.316413
-0.283294
-0.245396
-0.214638
-0.211268
-0.188558
-0.205472
-0.193992
-0.170599
-0.136114
-0.104961
-0.0574374
-0.0163798
0.038866
0.0641232
0.129289
0.148584
0.161177
0.169789
0.218431
0.272869
0.277522
0.349711
0.373046
0.410613
0.399104
0.422397
0.431584
0.410616
0.346378
0.265228
0.188719
0.127655
0.125959
0.142424
0.144121
0.124151
0.12859
0.0702801
0.0106964
-0.0740833
-0.146564
-0.231211
-0.298656
-0.334152
-0.336027
-0.294233
-0.277929
-0.243963
-0.268933
-0.295917
-0.33071
-0.371572
-0.386349
-0.396365
-0.355443
-0.323189
-0.281134
-0.232566
-0.197297
-0.168545
-0.134689
-0.0848436
-0.0693436
-0.0180264
0.0341625
0.0875244
0.118135
0.181882
0.201364
0.259596
0.305189
0.343295
0.413131
0.414304
0.454509
0.463998
0.492853
0.471477
0.49766
0.477613
0.464572
0.459281
0.451734
0.437137
0.418049
0.351412
0.247883
0.157066
0.0303316
-0.0393772
-0.149504
-0.198217
-0.273472
-0.314165
-0.336563
-0.360531
-0.38183
-0.43013
-0.452164
-0.500057
-0.515728
-0.504345
-0.479916
-0.436457
-0.373602
-0.344565
-0.291029
-0.287719
-0.266695
-0.239607
-0.263407
-0.25433
-0.241576
-0.229307
-0.202893
-0.154301
-0.141823
-0.104268
-0.0814028
-0.0551147
-0.0351024
0.0211215
0.06708
0.12442
0.165132
0.200121
0.270301
0.327229
0.367071
0.425835
0.441926
0.448374
0.443582
0.431717
0.403093
0.375542
0.361616
0.353178
0.382845
0.377984
0.347252
0.327394
0.239454
0.171005
0.0497789
-0.0534964
-0.120608
-0.189406
-0.211947
-0.238183
-0.216713
-0.234305
-0.244991
-0.266277
-0.366036
-0.396897
-0.411769
-0.442139
-0.440934
-0.432172
-0.374137
-0.328824
-0.282806
-0.216969
-0.181778
-0.135562
-0.0932245
-0.0352526
0.0262032
0.058701
0.0945582
0.127879
0.158732
0.210152
0.260652
0.307326
0.36197
0.430354
0.465097
0.511716
0.52251
0.52511
0.49687
0.449312
0.401832
0.380697
0.384475
0.341166
0.32022
0.223577
0.177272
0.0721998
-0.00255775
-0.117766
-0.196108
-0.293282
-0.346112
-0.393892
-0.417925
-0.409887
-0.432208
-0.448181
-0.470617
-0.465936
-0.480824
-0.462099
-0.43248
-0.421376
-0.395297
-0.377453
-0.362909
-0.350877
-0.315198
-0.288193
-0.26147
-0.243931
-0.211175
-0.187928
-0.129128
-0.103991
-0.0340509
0.0311718
0.094656
0.196139
0.283679
0.372537
0.480046
0.522904
0.56471
0.597431
0.612113
0.607644
0.629741
0.635963
0.602069
0.580765
0.543684
0.511456
0.436763
0.403827
0.307189
0.221854
0.0937967
0.015398
-0.101363
-0.223229
-0.303951
-0.356621
-0.408279
-0.445726
-0.477033
-0.474439
-0.510722
-0.5177
-0.545195
-0.586349
-0.591503
-0.581554
-0.550702
-0.488901
-0.420588
-0.341288
-0.287411
-0.232205
-0.217751
-0.164639
-0.118586
-0.0883741
-0.037291
0.00161934
0.0746717
0.137785
0.171342
0.256936
0.30325
0.315825
0.343812
0.365888
0.407232
0.447345
0.514526
0.533314
0.512709
0.5266
0.518602
0.502625
0.47204
0.444115
0.464886
0.407387
0.347406
0.273087
0.204458
0.127649
0.0153503
-0.103899
-0.229881
-0.327845
-0.371359
-0.417442
-0.453398
-0.452171
-0.460438
-0.475359
-0.509567
-0.520365
-0.502695
-0.464827
-0.451196
-0.408973
-0.340497
-0.281304
-0.251503
-0.196489
-0.170011
-0.149051
-0.13069
-0.131311
-0.110315
-0.0896282
-0.0408411
-0.0210962
0.0526743
0.109262
0.21081
0.270729
0.35183
0.401839
0.447904
0.436681
0.457892
0.461244
0.46203
0.486457
0.508624
0.516366
0.505368
0.46759
0.381967
0.311016
0.221608
0.149483
0.0441866
-0.0238104
-0.0527716
-0.0921803
-0.111171
-0.170574
-0.189096
-0.253357
-0.304962
-0.342482
-0.380686
-0.36371
-0.374978
-0.365348
-0.369245
-0.358649
-0.356542
-0.342693
-0.332338
-0.307425
-0.302022
-0.248331
-0.257659
-0.230697
-0.216646
-0.199637
-0.216329
-0.168348
-0.130034
-0.0928583
-0.00678062
0.0562582
0.168123
0.20784
0.257677
0.274287
0.284097
0.295431
0
0.377124
0.44604
0.470636
0.522689
0.487897
0.471148
0.448215
0.372297
0.341314
0.28216
0.278872
0.251491
0.251764
0.229002
0.159437
0.0743456
0.00645161
-0.123358
-0.202195
-0.287468
-0.300566
-0.33523
-0.347183
-0.364493
-0.374812
-0.404144
-0.42297
-0.449605
-0.468463
-0.436177
-0.409611
-0.375631
-0.356077
-0.306379
-0.26772
-0.224528
-0.230663
-0.168712
-0.178127
-0.142368
-0.125557
-0.105865
-0.0632434
-0.000561237
0.0613084
0.0941186
0.182393
0.242919
0.289163
0.318015
0.345791
0.371914
0.406799
0.379951
0.417536
0.435766
0.448736
0.478226
0.428812
0.35614
0.293922
0.236635
0.148284
0.131094
0.108485
0.0968895
0.0720053
0.0525265
0.00405216
-0.0439806
-0.0981102
-0.169551
-0.247744
-0.309545
-0.323857
-0.281513
-0.288488
-0.305962
-0.290914
-0.337268
-0.35438
-0.375287
-0.384862
-0.388922
-0.36373
-0.310216
-0.267572
-0.207654
-0.175961
-0.154129
-0.0965643
-0.104615
-0.035305
0.00443602
0.0301018
0.0849109
0.127462
0.175652
0.214127
0.265893
0.308509
0.339972
0.386881
0.39071
0.437995
0.4453
0.420302
0.408623
0.361465
0.342202
0.327236
0.299958
0.269011
0.266674
0.276879
0.257434
0.259331
0.208026
0.12662
0.0789442
-0.00670719
-0.0763559
-0.137128
-0.193611
-0.219478
-0.243674
-0.267964
-0.260033
-0.291082
-0.34581
-0.399914
-0.464132
-0.531456
-0.539234
-0.551535
-0.52736
-0.50616
-0.452246
-0.413041
-0.335006
-0.303566
-0.253416
-0.224055
-0.206357
-0.176358
-0.133825
-0.0785761
0.00375271
0.054388
0.137024
0.244343
0.250057
0.300365
0.33645
0.381718
0.399079
0.420349
0.446424
0.472975
0.502771
0.546831
0.547335
0.553956
0.494534
0.442949
0.353806
0.256689
0.234013
0.20992
0.166334
0.119529
0.0410185
-0.0185843
-0.123088
-0.183751
-0.274511
-0.313707
-0.343803
-0.386972
-0.361944
-0.326723
-0.31484
-0.295973
-0.310625
-0.340385
-0.35577
-0.37237
-0.347665
-0.34158
-0.315172
-0.288717
-0.261232
-0.263406
-0.249893
-0.251029
-0.244345
-0.239248
-0.188896
-0.164426
-0.106406
-0.0642447
-0.00866556
0.0632663
0.0976505
0.169622
0.258019
0.291758
0.349652
0.406417
0.458593
0.517476
0.595375
0.652635
0.648376
0.649106
0.613602
0.580914
0.504677
0.461953
0.46949
0.455061
0.441508
0.403244
0.333873
0.222406
0.0730038
-0.0281286
-0.211861
-0.337939
-0.413641
-0.439261
-0.457772
-0.448788
-0.399067
-0.417326
-0.449365
-0.50669
-0.564361
-0.609776
-0.596655
-0.569821
-0.476256
-0.461081
-0.385177
-0.355915
-0.306327
-0.3153
-0.289069
-0.264047
-0.241271
-0.198199
-0.160726
-0.1043
-0.0392179
0.0423336
0.093287
0.174297
0.196753
0.253158
0.261882
0.327728
0.333473
0.38732
0.406198
0.444342
0.453003
0.509517
0.503538
0.503155
0.438709
0.355338
0.264418
0.172812
0.139562
0.124122
0.162621
0.158825
0.164446
0.157939
0.153962
0.0814819
0.0101738
-0.129193
-0.217573
-0.297744
-0.329236
-0.323031
-0.284332
-0.296528
-0.293015
-0.304874
-0.355523
-0.394796
-0.440557
-0.477777
-0.493203
-0.493541
-0.468239
-0.409702
-0.33416
-0.260428
-0.201249
-0.142854
-0.0989304
-0.00404835
0.0353813
0.0628891
0.145083
0.191372
0.296757
0.347664
0.421432
0.473534
0.537158
0.582908
0.61188
0.636377
0.671045
0.672544
0.627136
0.591553
0.546684
0.5229
0.524601
0.544796
0.536015
0.523779
0.390966
0.284777
0.0988522
-0.113506
-0.271904
-0.443682
-0.551796
-0.636126
-0.65853
-0.644817
-0.644389
-0.647779
-0.720542
-0.819103
-0.924891
-0.950889
-0.902102
-0.852659
-0.713964
-0.543884
-0.41826
-0.257113
-0.179965
-0.0644627
-0.0167904
-0.0169249
0.0177736
0.047698
0.0809512
0.164975
0.260185
0.347021
0.4241
0.531622
0.583354
0.630716
0.635557
0.62464
0.623427
0.579906
0.581442
0.560289
0.540359
0.49172
0.422419
0.342503
0.248913
0.150262
0.108042
0.0714197
0.0510569
0.0295973
0.00750351
-0.0405025
-0.111613
-0.200309
-0.3077
-0.374306
-0.446386
-0.46283
-0.471883
-0.442859
-0.447564
-0.456319
-0.492895
-0.552734
-0.620759
-0.654366
-0.66288
-0.608633
-0.531898
-0.423357
-0.295661
-0.190233
-0.0696335
0.0273695
0.121136
0.173956
0.26518
0.356542
0.434282
0.564359
0.671629
0.732362
0.785845
0.762636
0.734648
0.673655
0.625712
0.564955
0.52652
0.480519
0.457677
0.439521
0.432474
0.398407
0.336061
0.178682
0.0323648
-0.178398
-0.336148
-0.472238
-0.556278
-0.596337
-0.605804
-0.600311
-0.625411
-0.633133
-0.627918
-0.686831
-0.715662
-0.773768
-0.789736
-0.775789
-0.721832
-0.563165
-0.431068
-0.295942
-0.107291
0.00820255
0.0759373
0.129495
0.24576
0.282152
0.28151
0.335578
0.332803
0.363429
0.398977
0.478364
0.519209
0.545177
0.566917
0.561072
0.474259
0.458362
0.441255
0.383974
0.243537
0.192332
0.175012
0.176099
0.22874
0.26333
0.26545
0.172179
0.0156355
-0.126892
-0.284881
-0.346869
-0.384009
-0.398108
-0.394415
-0.336111
-0.305538
-0.315884
-0.333326
-0.388445
-0.475969
-0.575641
-0.600623
-0.588045
-0.433589
-0.293305
-0.1332
-0.0366201
0.0454779
0.100659
0.128609
0.1605
0.218355
0.305252
0.359448
0.417588
0.471227
0.577302
0.605816
0.651785
0.649716
0.610098
0.578382
0.534864
0.486003
0.430865
0
0.302651
0.245202
0.150183
0.0821762
0.00840759
-0.0912209
-0.208364
-0.334958
-0.400444
-0.485446
-0.499955
-0.536792
-0.55461
-0.575864
-0.622818
-0.689727
-0.733763
-0.793339
-0.760127
-0.71778
-0.64263
-0.515377
-0.411879
-0.245091
-0.164052
-0.043601
0.0356312
0.108225
0.159072
0.209969
0.288149
0.379894
0.46067
0.561411
0.575294
0.589762
0.529737
0.475349
0.456734
0.415016
0.440891
0.408466
0.346205
0.283337
0.183174
0.0956459
0.0141678
0.00484276
0.066534
0.100393
0.148067
0.124325
0.0770569
-0.0238457
-0.190098
-0.303524
-0.45602
-0.523642
-0.512051
-0.483892
-0.392591
-0.33153
-0.305503
-0.313356
-0.409817
-0.455935
-0.511213
-0.491423
-0.399712
-0.268675
-0.0617032
0.074687
0.239846
0.364356
0.407418
0.457446
0.474801
0.520594
0.555167
0.554025
0.556256
0.537886
0.524124
0.495784
0.480719
0.438522
0.365885
0.331692
0.261116
0.171106
0.116979
0.0406637
-0.00971699
-0.0887842
-0.126163
-0.15656
-0.195942
-0.266402
-0.30645
-0.384882
-0.445842
-0.498857
-0.515387
-0.559356
-0.583132
-0.593639
-0.566583
-0.578257
-0.555586
-0.546064
-0.512405
-0.460001
-0.379966
-0.249008
-0.160351
0.00311708
0.15644
0.331969
0.417908
0.481972
0.521309
0.558777
0.56298
0.61292
0.613074
0.61309
0.562116
0.520878
0.507452
0.436506
0.396955
0.326796
0.174382
0.00502682
-0.092124
-0.117661
-0.0635033
-0.0355625
0.0368309
0.0660257
0.0173035
-0.0524197
-0.16813
-0.25331
-0.365816
-0.412969
-0.439393
-0.455667
-0.380112
-0.32279
-0.262836
-0.245625
-0.308414
-0.369023
-0.460516
-0.528397
-0.506475
-0.426667
-0.28356
-0.198884
-0.087862
-0.0129199
0.0464306
0.18035
0.25429
0.345917
0.350625
0.328812
0.315879
0.314903
0.281225
0.293903
0.344892
0.384041
0.462808
0.516063
0.491529
0.473757
0.421969
0.305195
0.217916
0.161357
0.158668
0.190032
0.185758
0.136627
0.11194
0.022625
-0.0802917
-0.198285
-0.328472
-0.410635
-0.448105
-0.50145
-0.502789
-0.583722
-0.615263
-0.686276
-0.707432
-0.752134
-0.734306
-0.642853
-0.568869
-0.46031
-0.348146
-0.225812
-0.0963173
-0.000987053
0.144518
0.279581
0.373984
0.472363
0.509387
0.580035
0.612702
0.650287
0.665869
0.672862
0.726211
0.77262
0.791235
0.75107
0.62457
0.479469
0.26871
0.0828524
-0.0274487
-0.0706949
-0.014163
-0.0110531
-0.000785828
0.00511169
-0.00499725
-0.0859842
-0.216705
-0.421997
-0.545651
-0.661501
-0.665391
-0.62686
-0.534307
-0.477335
-0.432886
-0.436543
-0.493614
-0.501261
-0.537517
-0.541291
-0.539985
-0.436529
-0.373458
-0.18575
-0.105427
0.0398936
0.15805
0.290829
0.372651
0.511742
0.560007
0.647435
0.697961
0.689129
0.670773
0.610968
0.562111
0.497072
0.476532
0.456148
0.485662
0.49733
0.449566
0.378534
0.304829
0.202014
0.1099
-0.00299168
-0.144149
-0.247939
-0.363451
-0.433109
-0.499957
-0.526239
-0.55065
-0.554161
-0.611462
-0.631145
-0.654613
-0.691123
-0.709553
-0.726319
-0.7101
-0.655619
-0.555318
-0.437831
-0.239525
-0.103895
0.0596724
0.177016
0.257124
0.294746
0.38436
0.411302
0.454934
0.508989
0.542999
0.577743
0.578146
0.566368
0.552146
0.549519
0.505019
0.507471
0.450396
0.351677
0.245196
0.116934
-0.00722313
-0.00595665
0.0358448
0.108143
0.152315
0.169842
0.147959
0.0716066
-0.0382195
-0.193403
-0.285687
-0.388247
-0.449435
-0.457125
-0.433666
-0.393412
-0.348735
-0.397759
-0.49406
-0.585566
-0.662994
-0.683817
-0.632728
-0.535696
-0.416684
-0.266521
-0.185753
-0.0857987
0.00619793
0.0930142
0.172832
0.244074
0.2766
0.357409
0.419221
0.445783
0.482092
0.496927
0.485858
0.492554
0.502914
0.52091
0.536926
0.571071
0.625859
0.663784
0.667355
0.592064
0.508612
0.300093
0.166332
-0.0430746
-0.175861
-0.309356
-0.397508
-0.455796
-0.507022
-0.54308
-0.550647
-0.602777
-0.699221
-0.832485
-0.908278
-0.914829
-0.902194
-0.795184
-0.682362
-0.50904
-0.352695
-0.207333
-0.0670972
0.0128546
0.129683
0.195756
0.268548
0.288484
0.345038
0.415681
0.495122
0.557666
0.602551
0.630682
0.611718
0.584616
0.560297
0.555439
0.520725
0.476664
0.381538
0.263735
0.104427
0.0279732
-0.0454597
-0.0681019
-0.0469017
-0.0271511
0.00293541
-0.000513077
-0.0583649
-0.119923
-0.233755
-0.341974
-0.427691
-0.465367
-0.495608
-0.469985
-0.410182
-0.361904
-0.356799
-0.371699
-0.449263
-0.47396
-0.520304
-0.520736
-0.449034
-0.333217
-0.217089
-0.0806518
0.0132852
0.116892
0.179957
0.284165
0.332614
0.441505
0.534406
0.604335
0.664422
0.646248
0.643888
0.572311
0.535182
0.489786
0.498306
0.494833
0.504728
0.478166
0.447639
0.353227
0.29082
0.141403
0.0484076
-0.0557671
-0.141826
-0.163795
-0.18762
-0.171902
-0.224926
-0.272429
-0.381176
-0.498576
-0.604817
-0.674602
-0.703382
-0.715518
-0.706336
-0.668919
-0.656032
-0.621051
-0.600967
-0.548935
-0.501551
-0.420617
-0.289987
-0.173571
-0.0140252
0.124357
0.251
0.329564
0.383299
0.42908
0.489543
0.489705
0.523901
0.524814
0.550698
0.558303
0.576097
0.593205
0.582364
0.524753
0.388621
0.277898
0.175289
0.087347
0.0709591
0.110586
0.11277
0.143476
0.117396
0.0684137
0.0033083
-0.125969
-0.210455
-0.349133
-0.413047
0
-0.455085
-0.45792
-0.441994
-0.437356
-0.458745
-0.525826
-0.583046
-0.621533
-0.591701
-0.554241
-0.489193
-0.384737
-0.305154
-0.182694
-0.128939
-0.0159903
0.0840931
0.21753
0.315446
0.441731
0.554444
0.626632
0.690748
0.754208
0.718518
0.751322
0.765084
0.735282
0.698972
0.692399
0.673088
0.649256
0.623499
0.525497
0.375624
0.20199
-0.0306683
-0.167154
-0.318232
-0.419994
-0.465414
-0.515158
-0.564362
-0.562098
-0.610743
-0.686347
-0.73353
-0.814645
-0.869126
-0.894629
-0.825988
-0.761261
-0.644843
-0.565307
-0.441046
-0.386165
-0.309439
-0.242162
-0.171242
-0.100371
0.0694788
0.208195
0.319717
0.41996
0.517168
0.620723
0.674332
0.731882
0.777467
0.756231
0.6918
0.684781
0.671369
0.626186
0.585998
0.534261
0.37921
0.261293
0.147556
0.0655251
0.0160131
0.0215874
-0.0217962
-0.023674
-0.0712795
-0.105518
-0.125807
-0.264719
-0.339713
-0.365143
-0.398713
-0.398345
-0.37075
-0.380616
-0.374577
-0.379738
-0.429386
-0.534964
-0.552371
-0.608239
-0.580294
-0.542812
-0.465183
-0.312714
-0.232439
-0.192636
-0.1428
-0.120286
-0.0630035
-0.014102
0.0661955
0.146698
0.269053
0.334424
0.401259
0.43115
0.472127
0.513063
0.533361
0.515588
0.52096
0.524802
0.499722
0.508291
0.516548
0.543895
0.531572
0.520271
0.413374
0.34149
0.243626
0.181437
0.0703144
-0.0313835
-0.159185
-0.222929
-0.300739
-0.338593
-0.361725
-0.411927
-0.481955
-0.503954
-0.576706
-0.6085
-0.608879
-0.608675
-0.58647
-0.547466
-0.504156
-0.449389
-0.351114
-0.261453
-0.194579
-0.15821
-0.116159
-0.0736318
-0.0156708
0.00557899
0.0766373
0.108368
0.134841
0.182923
0.245737
0.283064
0.321423
0.347076
0.343677
0.321795
0.340032
0.353136
0.354626
0.342754
0.313798
0.29607
0.249996
0.205338
0.199035
0.215424
0.204657
0.18704
0.170189
0.162178
0.112855
0.0781059
-0.0220289
-0.073245
-0.123351
-0.160162
-0.180077
-0.211946
-0.226515
-0.231231
-0.250132
-0.301267
-0.335597
-0.343431
-0.380775
-0.385701
-0.3542
-0.339462
-0.265526
-0.25105
-0.21244
-0.16657
-0.128518
-0.102081
-0.0600491
-0.0137215
0.0193205
0.0651979
0.0723925
0.096427
0.144412
0.165497
0.189998
0.244841
0.2629
0.305485
0.334515
0.339216
0.329835
0.338488
0.333611
0.286969
0.250439
0.196514
0.223054
0.201985
0.207964
0.20337
0.201989
0.169287
0.143716
0.107687
0.0598135
0.00299644
-0.0595188
-0.125669
-0.160069
-0.183972
-0.184644
-0.155518
-0.196153
-0.205166
-0.234926
-0.257274
-0.309296
-0.344557
-0.369994
-0.380016
-0.382208
-0.347486
-0.302947
-0.250157
-0.18912
-0.148233
-0.131395
-0.12263
-0.118275
-0.109239
-0.114247
-0.101077
-0.0229006
0.033968
0.0818429
0.102629
0.125637
0.15472
0.186441
0.187221
0.169872
0.186786
0.190555
0.19846
0.215207
0.23283
0.263114
0.277843
0.237909
0.190248
0.160219
0.12692
0.0993567
0.0585508
0.0454941
0.0398588
0.0419655
0.0517139
0.0794287
0.0648956
0.0626106
0.0449076
0.0117722
-0.0491381
-0.0770922
-0.0767021
-0.0732689
-0.0785561
-0.0646687
-0.0852375
-0.115753
-0.139923
-0.165178
-0.225641
-0.242696
-0.263885
-0.264521
-0.284214
-0.270552
-0.203107
-0.175477
-0.144862
-0.135987
-0.0781832
-0.050374
-0.00481844
0.0338697
0.0840716
0.0972648
0.141022
0.140205
0.167923
0.181612
0.204974
0.226601
0.201332
0.192894
0.212835
0.201628
0.197255
0.175919
0.175992
0.151615
0.124749
0.10981
0.0939445
0.0683327
0.056776
0.0248346
0.0355768
0.0306864
0.0715542
0.108913
0.115396
0.11362
0.123457
0.104524
0.0598516
0.0337439
0.00171757
0.00368023
-0.0264082
-0.0399685
-0.0550966
-0.0761824
-0.111815
-0.155516
-0.221347
-0.268646
-0.330682
-0.352148
-0.400538
-0.367465
-0.358699
-0.326685
-0.279276
-0.265403
-0.214262
-0.172512
-0.153901
-0.112181
-0.0694857
-0.0348577
0.00539207
0.0192451
0.0544853
0.067977
0.100874
0.112329
0.123064
0.135738
0.153007
0.164217
0.149573
0.16196
0.163121
0.168034
0.134938
0.131833
0.118409
0.130765
0.130441
0.167409
0.16959
0.150791
0.15136
0.122601
0.0760117
0.0335093
0.0304623
-0.0184727
-0.0267601
-0.0430984
-0.0318203
-0.00853062
0.0127926
0.029851
0.0110655
0.0162458
-0.00225639
0.00400352
-0.00647068
-0.00719452
-0.00978947
-0.0424929
-0.0531178
-0.0645075
-0.062974
-0.0694046
-0.0743961
-0.0880442
-0.122357
-0.153356
-0.165249
-0.191079
-0.205075
-0.223477
-0.192413
-0.173752
-0.133638
-0.0627203
-0.0485744
-0.00906467
0.00479603
0.00302792
0.0111322
0.0116568
0.0394888
0.0526104
0.0950804
0.105765
0.143548
0.139277
0.137838
0.112665
0.0772152
0.0388107
0.0366297
0.0405788
0.0469751
0.0702419
0.0674276
0.0679169
0.0716486
0.0691929
0.0693521
0.0674982
0.0378304
0.0488482
0.0420723
0.0700598
0.114347
0.144524
0.15677
0.168032
0.179913
0.200752
0.205696
0.18497
0.166019
0.131284
0.0700006
0.0387754
0.015275
0.00591755
-0.0215273
-0.0621347
-0.101439
-0.151365
-0.162412
-0.207387
-0.250372
-0.309426
-0.328077
-0.330522
-0.332465
-0.320684
-0.286141
-0.261567
-0.224998
-0.18867
-0.158718
-0.120293
-0.107354
-0.0464077
-0.0435982
-0.0100603
0.00693798
0.0321207
0.0469813
0.0363636
0.0402937
0.059597
0.0754066
0.0744829
0.0684633
0.0501299
0.0630608
0.045084
0.045228
0.0268297
0
0.0432072
0.0876932
0.107083
0.123152
0.177652
0.1798
0.199626
0.212753
0.218462
0.239179
0.20827
0.183509
0.18718
0.144904
0.137363
0.100841
0.108012
0.06285
0.0441713
-0.014286
-0.038209
-0.0604429
-0.0934982
-0.122537
-0.13625
-0.15604
-0.138758
-0.150536
-0.138579
-0.101897
-0.0981112
-0.115568
-0.150261
-0.132037
-0.142759
-0.0941896
-0.11411
-0.0898962
-0.0924463
-0.0907412
-0.0953035
-0.0974159
-0.10483
-0.09723
-0.105315
-0.113249
-0.117241
-0.0802002
-0.0415554
-0.0792198
-0.0406523
-0.0285282
-0.0167809
-0.0180483
0.00906849
0.0144715
0.0494604
0.058969
0.0798769
0.107532
0.123718
0.143168
0.156952
0.145641
0.129534
0.165399
0.160635
0.150499
0.162116
0.167779
0.162232
0.177015
0.158144
0.152067
0.144768
0.119281
0.150346
0.173428
0.167251
0.189489
0.216072
0.219007
0.1949
0.127585
0.0883589
-0.00439548
-0.0322657
-0.0846796
-0.0976849
-0.107804
-0.101236
-0.108775
-0.175393
-0.24698
-0.263043
-0.315967
-0.34779
-0.40476
-0.419094
-0.372495
-0.336888
-0.252641
-0.226006
-0.173766
-0.159313
-0.134937
-0.158728
-0.1251
-0.0882993
-0.0582838
-0.0506015
-0.0135226
0.0190067
0.070961
0.103846
0.120302
0.124152
0.121996
0.11054
0.0916295
0.0828772
0.0733185
0.0940342
0.0737658
0.0794182
0.102699
0.127428
0.114203
0.104468
0.0828133
0.060154
0.0464211
0.0484753
0.0589972
0.0930891
0.113308
0.14766
0.169507
0.184288
0.190588
0.181402
0.170643
0.158118
0.16534
0.184875
0.17847
0.181605
0.157477
0.130926
0.0749216
0.0290699
-0.0256214
-0.0656395
-0.0955877
-0.138861
-0.153451
-0.175502
-0.208477
-0.208711
-0.247091
-0.29232
-0.297507
-0.282746
-0.233754
-0.229439
-0.16961
-0.150725
-0.116431
-0.105031
-0.109201
-0.112659
-0.116881
-0.0986195
-0.0670605
-0.0776567
-0.0104752
0.00140381
0.0431671
0.0388079
0.0233526
0.0388947
0.0316877
0.0358973
0.0514002
0.0486259
0.0556479
0.0925169
0.123712
0.106166
0.123556
0.139033
0.115376
0.147219
0.136477
0.128303
0.151278
0.145355
0.148913
0.162916
0.144794
0.144056
0.136729
0.129847
0.112809
0.140627
0.101011
0.123513
0.105208
0.0937738
0.11345
0.126163
0.103953
0.103857
0.041441
-0.0248022
-0.0599403
-0.0970955
-0.118409
-0.132541
-0.138367
-0.163285
-0.142331
-0.195878
-0.207942
-0.231412
-0.273934
-0.287393
-0.28178
-0.293815
-0.231729
-0.188914
-0.162161
-0.121884
-0.0889206
-0.111147
-0.106948
-0.10795
-0.116389
-0.0852413
-0.0447874
-0.0416908
-0.0211887
-0.00970268
-0.0147505
-0.00543785
-0.0158319
-0.0115538
0.0228291
0.0379162
0.0560884
0.132684
0.154174
0.153198
0.163211
0.167933
0.15144
0.178763
0.193301
0.211823
0.214517
0.258896
0.276655
0.280197
0.261354
0.233429
0.197186
0.153084
0.127613
0.143755
0.153199
0.155961
0.161062
0.140516
0.0879154
0.0424175
-0.027195
-0.0951443
-0.157572
-0.169956
-0.184275
-0.164724
-0.150089
-0.160313
-0.170671
-0.195162
-0.236425
-0.284949
-0.286973
-0.289329
-0.283276
-0.261463
-0.177253
-0.161713
-0.120942
-0.113133
-0.110297
-0.124327
-0.125344
-0.101042
-0.0930376
-0.0813856
-0.0510402
-0.0153608
-0.0150709
-0.00783539
0.0369368
0.0410109
0.0305481
0.046072
0.0476379
0.0510559
0.0751619
0.0942869
0.101833
0.114473
0.12663
0.16356
0.194611
0.198946
0.215222
0.206671
0.20038
0.188051
0.16368
0.147748
0.160927
0.158534
0.157031
0.148504
0.155878
0.126914
0.133546
0.11886
0.106916
0.120648
0.109587
0.122332
0.076498
0.0685768
0.0248795
0.0099144
-0.0168991
-0.0497055
-0.0813828
-0.100687
-0.125271
-0.153328
-0.184171
-0.22519
-0.279773
-0.316368
-0.335516
-0.352856
-0.338542
-0.302898
-0.254972
-0.227483
-0.233756
-0.204794
-0.208918
-0.205741
-0.177548
-0.150669
-0.121241
-0.0665264
-0.0227108
0.0071311
0.0148325
0.0347137
0.0440445
0.034061
0.0389504
0.0454044
0.0752163
0.092371
0.12772
0.155684
0.173722
0.203833
0.220709
0.204798
0.219651
0.24294
0.24745
0.223248
0.244992
0.231489
0.249086
0.257028
0.256555
0.235067
0.208456
0.186704
0.169262
0.139387
0.113944
0.101898
0.0780821
0.0375519
0.0139179
-0.0313225
-0.083415
-0.12365
-0.165503
-0.211198
-0.215951
-0.212447
-0.192671
-0.220087
-0.236454
-0.246013
-0.263313
-0.273397
-0.308145
-0.309292
-0.272028
-0.201629
-0.141063
-0.102311
-0.0641565
-0.0194101
-0.0256443
-0.0194473
-0.0424376
-0.0253839
-0.0504646
-0.050292
-0.0481429
-0.0376396
-0.00610352
0.0246778
0.000714779
0.0116353
-0.00356627
-0.0179214
-0.00218582
0.00628138
0.0267382
0.023262
0.066802
0.0902538
0.134892
0.164752
0.202526
0.219896
0.236622
0.228601
0.246819
0.225325
0.214258
0.22505
0.203333
0.171776
0.15904
0.150198
0.127861
0.130936
0.138718
0.134811
0.128765
0.110727
0.107786
0.0881643
0.0366631
-0.0118418
-0.0404892
-0.0917997
-0.120914
-0.134567
-0.144015
-0.111694
-0.119023
-0.133052
-0.184546
-0.207732
-0.249898
-0.262437
-0.276044
-0.282253
-0.250356
-0.20214
-0.168043
-0.140947
-0.107965
-0.117389
-0.11867
-0.158116
-0.15106
-0.133151
-0.106345
-0.0880637
-0.058063
-0.0228672
-0.000125408
0.00503874
0.0120325
0.0197992
0.0162554
0.0380583
0.0290928
0.0741186
0.0875311
0.110433
0.118256
0.113877
0.110386
0.137069
0.152356
0.135843
0.117185
0.153364
0
0.151522
0.163498
0.185614
0.194405
0.170892
0.161056
0.154163
0.157933
0.156654
0.186571
0.143929
0.131566
0.105795
0.0457726
-0.0287228
-0.0476322
-0.0812054
-0.104782
-0.120335
-0.147673
-0.12182
-0.137501
-0.146454
-0.184744
-0.211433
-0.260984
-0.272909
-0.272003
-0.244585
-0.176933
-0.119721
-0.0872517
-0.10366
-0.0728569
-0.10099
-0.0856304
-0.107752
-0.0853481
-0.0775661
-0.0503955
-0.0374146
-0.00850344
0.0194244
0.0224218
0.00757742
-0.00800657
-0.0114188
-0.00842381
0.0346732
0.022893
0.066205
0.076745
0.103062
0.0933695
0.118069
0.120703
0.146032
0.160161
0.16188
0.172998
0.199406
0.218126
0.213211
0.218616
0.192291
0.155262
0.136578
0.128864
0.105677
0.117798
0.122559
0.123634
0.152979
0.140255
0.133806
0.111256
0.0680046
0.00109386
-0.0202208
-0.0658665
-0.0757084
-0.0767469
-0.104614
-0.115671
-0.116667
-0.171093
-0.18824
-0.216467
-0.262237
-0.269037
-0.277526
-0.245399
-0.232511
-0.173403
-0.168718
-0.137004
-0.122551
-0.11142
-0.0953379
-0.081996
-0.0824642
-0.0129557
-0.02775
-0.0103064
-0.00421906
-0.0289183
-0.0305519
-0.0554228
-0.045188
-0.0499067
-0.0353794
-0.0162992
-0.0102482
0.0273914
0.0419712
0.0392466
0.0595732
0.0337906
0.050292
0.0620594
0.0608425
0.0901937
0.109951
0.122414
0.147612
0.142756
0.159682
0.151408
0.175637
0.130109
0.116404
0.132793
0.0997028
0.114333
0.128869
0.126841
0.131579
0.146913
0.141431
0.138059
0.101997
0.0850277
0.026494
0.000790596
-0.043951
-0.000639915
0.0119009
-0.0134687
-0.0185299
-0.0380774
-0.0892162
-0.114973
-0.152402
-0.169264
-0.182796
-0.194801
-0.180333
-0.155239
-0.13661
-0.144883
-0.126145
-0.181293
-0.190395
-0.191666
-0.170933
-0.192292
-0.190765
-0.165904
-0.134767
-0.140852
-0.123399
-0.111275
-0.0956898
-0.0823832
-0.0689712
-0.0126209
0.015461
0.0503397
0.0869493
0.122427
0.143446
0.181479
0.214945
0.21663
0.227714
0.238376
0.22297
0.229756
0.206327
0.193266
0.206524
0.187912
0.152719
0.153639
0.109155
0.0801754
0.0444784
0.0262508
0.0186481
0.0173464
-0.0326824
-0.024828
0.0178852
0.0120907
0.0373287
0.0655279
0.0664682
0.0767727
0.0788498
0.0583935
0.0290527
-0.000806808
-0.00396347
-0.016777
-0.0231457
-0.0325165
-0.00928307
-0.0521355
-0.119961
-0.151491
-0.18515
-0.229573
-0.252518
-0.262712
-0.252705
-0.236491
-0.179391
-0.164816
-0.150621
-0.133325
-0.125934
-0.118689
-0.103479
-0.0623093
-0.0394974
-0.010952
0.0109606
0.0249233
0.0424356
0.0442276
0.0461044
0.0526857
0.0481777
0.0717936
0.081645
0.0736332
0.0849466
0.0904884
0.0791578
0.0539942
0.0642223
0.0782442
0.0674906
0.0785894
0.0708485
0.078311
0.0843306
0.104764
0.106776
0.101259
0.101847
0.103294
0.100079
0.0673237
0.0670509
0.061409
0.0541248
0.0304184
0.019187
0.00985718
0.0265427
0.0166302
0.0208254
-0.01756
-0.0548868
-0.0579157
-0.0868454
-0.0835333
-0.11037
-0.0792084
-0.0642519
-0.0626287
-0.0636454
-0.0714407
-0.0907478
-0.103395
-0.121206
-0.120554
-0.139116
-0.130122
-0.0810165
-0.0859594
-0.0473795
-0.0437002
-0.0190935
-0.0383549
-0.0567999
-0.0595284
-0.0550613
-0.0419312
-0.00650692
0.00546932
0.00167751
-0.0152397
-0.0124712
0.00965691
-3.43323e-05
0.0146866
0.00961494
0.0238075
0.0266256
0.0509539
0.0641756
0.0899944
0.0982485
0.102133
0.0953207
0.100344
0.101546
0.118277
0.128297
0.145972
0.131179
0.158576
0.155394
0.157644
0.136014
0.100169
0.0988712
0.0844727
0.0809164
0.0937872
0.115008
0.143527
0.162892
0.177979
0.148947
0.111601
0.101335
0.0296049
-0.00642872
-0.0421915
-0.0338087
-0.0498362
-0.0578365
-0.0819492
-0.101976
-0.145638
-0.176523
-0.223626
-0.254122
-0.286774
-0.280588
-0.290234
-0.323055
-0.313028
-0.281832
-0.280554
-0.258078
-0.213232
-0.19872
-0.166776
-0.149464
-0.127461
-0.104743
-0.0966101
-0.0495291
-0.0316982
-0.00148869
0.0269899
0.0848446
0.12007
0.146886
0.18086
0.163075
0.176856
0.189988
0.174319
0.180284
0.185897
0.17625
0.178919
0.157494
0.160608
0.144093
0.132476
0.135038
0.147742
0.107319
0.108641
0.0962124
0.0852737
0.0495634
0.057519
0.0324135
0.0183172
0.0213184
0.0279493
0.0215435
0.00726223
0.0130081
0.0125017
-0.00463486
-0.00490093
0.019455
0.0184746
0.0384941
0.0228748
0.0230904
0.0113106
0.00745201
-0.0203514
-0.0385141
-0.0974836
-0.124187
-0.168884
-0.189387
-0.212284
-0.225467
-0.246543
-0.250398
-0.241419
-0.247697
-0.240499
-0.221189
-0.220432
-0.224522
-0.208983
-0.196555
-0.12572
-0.112009
-0.0494986
-0.00971413
0.0271502
0.0645132
0.0827913
0.0869846
0.0751715
0.0864029
0.0847263
0.0974016
0.113552
0.153419
0.166827
0.175391
0.178448
0.171112
0.160962
0.141426
0.13403
0.122471
0.125711
0.11601
0.121148
0.100175
0.122377
0.111217
0.0951309
0.109562
0.119963
0.118728
0.11851
0.142772
0.152643
0.16244
0.17226
0.181095
0.165133
0.174097
0.149565
0.138688
0.0795488
0.0301514
0.00776863
-0.0700159
-0.104589
-0.137917
-0.17028
-0.197072
-0.218908
-0.253536
-0.294611
-0.310957
-0.310209
-0.347593
-0.339684
-0.312193
-0.272655
-0.23644
-0.193419
-0.156462
-0.117541
-0.0862236
-0.0972223
-0.06073
-0.0698977
-0.0528121
-0.0157108
-0.0136719
-0.0103393
0.0306172
0.0680346
0.0638857
0.0685673
0.076551
0.0721097
0.0700722
0.0524921
0.0387163
0.0672569
0.0772257
0
0.109526
0.103484
0.133783
0.143422
0.140516
0.10519
0.108137
0.128367
0.15711
0.166246
0.206312
0.225069
0.248229
0.234281
0.204213
0.193077
0.170542
0.132227
0.111181
0.0962448
0.0871754
0.0979137
0.0823269
0.0291977
-0.0478001
-0.110134
-0.184402
-0.211302
-0.254302
-0.252028
-0.244513
-0.239621
-0.229321
-0.182084
-0.187495
-0.198768
-0.205446
-0.22168
-0.21489
-0.18461
-0.13118
-0.0685968
-0.0131407
0.000403404
0.0293741
0.030756
0.0104227
-0.0136747
-0.0188484
-0.0687437
-0.0733957
-0.070323
-0.0464745
-0.0474319
-0.0440578
-0.0296116
-0.0274706
-0.0387888
-0.030364
-0.0276814
-0.0082922
0.00574493
0.01196
0.0663118
0.0882645
0.13518
0.148668
0.179081
0.160168
0.18143
0.216283
0.199306
0.192311
0.20328
0.193199
0.201326
0.166915
0.142277
0.174262
0.12895
0.111967
0.106214
0.0820799
0.0919466
0.089427
0.106887
0.0694056
0.0779543
0.0684128
0.0423079
-0.0112858
-0.050272
-0.0769606
-0.0773993
-0.110887
-0.127748
-0.119978
-0.138014
-0.153717
-0.195579
-0.219934
-0.254017
-0.252125
-0.258689
-0.231693
-0.215609
-0.172892
-0.156496
-0.127974
-0.124752
-0.142007
-0.116827
-0.109077
-0.12896
-0.0692921
-0.0638967
-0.0408559
-0.0161562
-0.0181241
-0.0141239
-0.0389895
-0.0376587
-0.00996876
-0.010119
0.0427389
0.0679312
0.110587
0.129669
0.126186
0.159745
0.135257
0.149875
0.183941
0.160889
0.179596
0.179002
0.196754
0.198281
0.194564
0.219349
0.190633
0.180797
0.143631
0.127399
0.108679
0.0998478
0.0805855
0.0389385
0.00829124
-0.00117874
-0.0387516
-0.0307579
-0.0428829
-0.0143089
-0.0228176
-0.0230732
-0.0344276
-0.0522881
-0.043498
-0.0671806
-0.0811682
-0.115321
-0.113033
-0.10519
-0.104755
-0.0778618
-0.103906
-0.127204
-0.146391
-0.186297
-0.193982
-0.215874
-0.209818
-0.192129
-0.151922
-0.120413
-0.103765
-0.0739775
-0.072649
-0.0482864
-0.0553846
-0.0665684
-0.0227442
0.0138721
0.0380449
0.0473976
0.061574
0.0604782
0.0733299
0.0779343
0.0544004
0.0598307
0.0716553
0.0894299
0.11264
0.111235
0.130154
0.117823
0.112803
0.0846195
0.0581131
0.0544567
0.0460052
0.0442352
0.0279942
0.0111055
0.00550842
0.00270557
0.00718307
-0.00569725
-0.000291824
0.000946999
-0.00701809
0.00811386
-0.00493526
0.0141792
0.0418882
0.0457754
0.0384722
0.0646162
0.0660591
0.101735
0.142844
0.150794
0.17967
0.207315
0.191963
0.169081
0.15069
0.101414
0.0658054
0.0182381
-0.0240669
-0.0570049
-0.0815849
-0.112671
-0.119258
-0.184041
-0.216853
-0.248247
-0.292171
-0.305857
-0.287952
-0.266386
-0.240139
-0.18092
-0.132061
-0.0910263
-0.0652351
-0.0432835
-0.0102301
0.00928783
0.0267601
0.077692
0.0799408
0.108657
0.121004
0.104406
0.0956507
0.0819311
0.065094
0.0189171
0.0132313
-0.00874901
-0.00695229
-0.00798702
-0.00359726
0.00392437
0.0105143
2.38419e-05
-0.0036087
-0.0243807
-0.0160866
-0.000699043
-0.0207033
-0.0175447
-0.00571632
0.033329
0.0396719
0.0478487
0.0589828
0.0792027
0.0794792
0.0613813
0.0555687
0.0487347
0.036129
0.0389137
0.0240746
0.023181
0.0138483
0.0336037
-0.000213623
-0.00334835
-0.000961304
0.00467968
0.00261307
-0.0165977
-0.0138683
0.00441742
-0.00149536
0.0135546
0.0300665
0.0206985
0.00968742
-0.00824547
-0.00458908
-0.0285378
-0.0126762
-0.0265999
-0.0291862
-0.0112572
-0.0202255
-0.0071888
-0.019516
-0.0215931
-0.0221977
-0.0268145
-0.0505028
-0.0355139
-0.0176001
-0.00730896
-0.0001297
-0.000266075
0.0289812
0.0170097
0.0236053
-0.00126076
0.0205154
0.00859642
0.0195084
-0.00326824
-0.0141706
-0.0298347
-0.0272245
-0.0151548
-0.00945854
-0.0190287
-0.0124044
-0.00622082
-0.0292902
-0.0238094
-0.0220337
-0.0175047
-0.0246315
-0.0155334
-0.0251961
-0.0114326
-0.00588512
0.0101147
0.0155153
0.00109863
-0.0121202
-0.0154133
-0.00957775
-0.0176411
-0.0224199
-0.0106134
-0.0139456
-0.00423527
-0.0156984
-0.019825
-0.0102873
-0.0203466
0.00231838
0.0201101
0.0148983
0.0235081
0.0325165
0.0407085
0.0458527
0.072607
0.0884895
0.0717592
0.075572
0.0414314
0.0456352
0.0410414
0.0207605
0.03333
-0.0114746
-0.0319691
-0.0214195
-0.0307913
-0.0497742
-0.0499296
-0.0757666
-0.0784845
-0.0951681
-0.0582619
-0.0587244
-0.03016
-0.0373735
-0.0170135
0.000226021
-0.0125427
0.00646591
-0.013813
-0.0161915
-0.0209351
-0.00305176
0.0328369
0.0444851
0.0354881
0.0569153
0.0455914
0.0503111
0.0272522
0.0158739
0.00396252
-0.0285902
-0.00431824
-0.00566959
0.0147343
0.0258989
0.0363941
0.0199957
-0.0122042
-0.0194283
-0.0193672
-0.0274916
-0.0287981
-0.0529861
-0.0273638
0.00333977
0.00613976
0.0290728
0.0158415
0.0490685
0.0573864
0.033432
0.0350723
0.0236664
0.0252228
0.012517
0.0181332
-0.00041008
-0.0140181
-0.0043478
-0.0110731
-0.03055
-0.0289907
-0.0123405
-0.00636005
-0.0269699
-0.0329018
-0.0173521
-0.00883007
0.0061779
0.00248909
0.0231085
0.0161285
0.0297394
0.0226297
0.0190363
0.0286226
0.0301199
0.0134087
-0.00383568
-0.0131512
-0.0269899
-0.0232611
-0.0405216
-0.0471497
-0.0441303
-0.0479603
-0.0232773
-0.0331221
-0.0218229
0.00320816
0.00689888
-0.0252218
-0.0219898
-0.00675869
-0.00627327
-0.00175285
0.0125532
0.00522423
0.0282087
0.0197496
0.0174313
0.0321178
0.00448227
0.00575161
-0.00312233
-0.014761
-0.0108023
0.0196152
0.0170603
0.0231562
0.0256395
0.0082283
0.00292492
0.0016737
0.00706768
-0.0110254
-0.0164747
-0.0151072
0.00613976
-0.00703144
-0.0129681
-0.0108166
-0.00687408
-0.0229187
-0.0116758
-0.013443
-0.0170631
0.00619698
0.00132084
0.0127811
-0.00562286
0
0.0268831
0.0225697
-0.0053463
0.0203695
0.0173607
0.0221481
0.0321312
0.0330715
0.0177937
0.0124502
-0.00357151
0.00246525
-0.0071249
-0.00730324
-0.00411892
0.00664902
-0.000303268
-0.0129156
-0.0111895
-0.0138321
0.00797749
-0.00220776
-0.0231438
-0.0129719
-0.0140285
-0.0333872
-0.00251961
-0.0154333
-0.0150928
-0.0205746
0.00185108
-0.0260019
-0.0172205
-0.00980186
-0.00922775
-0.00147724
-0.0150709
-0.012702
-0.00048542
0.0199661
0.00646973
0.0144186
0.0113497
0.00507641
0.0143051
0.00296879
-0.00528145
0.0126486
0.0148306
0.0123482
0.0164766
0.00485516
0.0117998
0.00757504
-0.00563335
-0.0158682
0.0120697
0.0195866
0.00295925
0.00698566
-0.00114155
0.0202503
0.000938416
0.0053854
-0.0135345
-0.00303078
0.00036335
0.00110912
-0.00220299
-0.00824165
0.0108519
-0.0186024
-0.0135727
-0.0157251
0.00314331
-0.00310898
-0.00691605
-0.0138359
-0.011323
-0.0126162
-0.00767994
-0.0104761
-0.0324306
-0.00112247
-0.00227833
-0.00290394
-0.00130653
0.0187197
0.0181694
0.0296564
0.00559807
0.00254822
-0.000792503
0.00622463
0.00711918
0.00860023
0.0427761
0.0363207
0.0439329
-0.00695133
-0.00222015
0.00703335
-0.0109158
-0.00622749
0.00468254
-0.0139675
0.00451183
-0.0115957
-0.0130386
-0.0226288
-0.0143175
-0.000854492
-0.023078
-0.0153236
-0.00697422
0.0193577
0.0017643
-0.00142384
0.00434303
-2.95639e-05
-0.0170355
-0.0151854
-0.0103378
0.0141802
0.0452824
0.021122
0.0231304
0.00148106
-0.00755596
0.00198746
-0.00113678
-0.0197897
0.00942326
-0.0108776
0.0128603
0.00787067
-0.000506401
0.0137358
-0.00820637
0.00395679
-0.0186481
-0.000192642
-0.0048027
0.00162315
0.00296402
-0.0145969
-0.0317345
-0.00604057
-0.0143299
0.0142574
-0.00537682
-0.00247955
-0.0117836
-0.00547028
0.00305367
-0.010828
0.00832176
-0.0122671
-0.00273323
-0.00948715
0.00743198
0.0105543
0.0200357
0.0152502
0.0121813
0.00383186
0.00246143
0.010272
0.0132799
-0.00403786
-0.00150013
0.00670147
0.00890827
0.0216389
0.0024519
0.00583839
-0.00255394
-0.026823
0.0117111
0.0121307
-0.00308037
0.00487328
0.0130825
-0.00264168
0.00440407
0.0150414
0.000469208
0.00358772
-0.00417137
-0.00896072
-0.0021677
-0.00175285
-0.0100718
0.0232038
-0.00573444
-0.0237646
-0.00742912
0.00683022
-0.0126324
-0.00160885
-0.0175943
-0.011219
0.00765419
0.00638485
-0.01612
-0.014678
-0.000136375
-0.000991821
-0.00240517
-0.00267982
-0.0118141
0.0170717
0.00179291
-0.00555611
-0.00514412
0.00127506
0.0133266
0.00719261
-0.00458717
-0.00207233
0.00588131
0.00768375
-0.00647449
0.0126019
0.00943089
0.0061121
0.00627613
-0.00173473
0.00803661
-0.00626087
0.0129881
-0.00170612
-0.0041132
-0.00303555
-0.00230503
-0.00340271
0.00855637
0.0203133
0.00939941
0.00701904
0.00236893
0.0027504
-0.000341415
-0.00428295
-0.0201788
-0.025238
-0.0189505
-0.0155363
0.00361919
-0.00564384
-0.00393009
-0.0175428
-0.0173073
-0.0201225
-0.012331
-0.0239124
-0.0172062
-0.0137959
0.00435638
0.00820923
0.018486
0.0243092
0.0163059
0.00424767
-0.00610161
0.00187683
0.000272751
0.0145435
-0.0035305
0.00352859
0.0112829
0.00431824
-0.00171566
0.00294209
0.0112314
-0.00531387
-0.00475883
-0.00157261
-0.0051384
0.0102091
0.0122805
0.0164919
0.00586605
-0.00804329
0.0188456
