1.59589e-05
7.5531e-06
1.79583e-06
4.08939e-06
1.15278e-05
2.07172e-05
2.82626e-05
3.49513e-05
3.62471e-05
3.0495e-05
2.1602e-05
1.36964e-05
6.74205e-06
2.81652e-06
3.47271e-06
1.09106e-05
2.52025e-05
5.76175e-05
9.88589e-05
0.000139385
0.000181892
0.000232069
0.000304578
0.00038206
0.000437701
0.000483848
0.000523537
0.000530466
0.000533619
0.000561815
0.000579483
0.000589985
0.000603136
0.000586338
0.000522367
0.000432618
0.000321339
0.000198162
0.000107619
7.67329e-05
0.000115407
0.000218936
0.000381451
0.000533244
0.000639122
0.000728618
0.000793615
0.000831001
0.000884772
0.00098431
0.00108709
0.00122794
0.00138843
0.00154943
0.00164809
0.00167581
0.00165883
0.00159253
0.00148927
0.00138921
0.00127453
0.00110463
0.000947294
0.000802794
0.000655163
0.000524512
0.000401719
0.000266682
0.000149572
7.98791e-05
6.70325e-05
9.83959e-05
0.000149704
0.000190846
0.00020803
0.000217012
0.000215482
0.000198463
0.000176307
0.00019203
0.000216334
0.000255513
0.000296206
0.000339516
0.00034025
0.000311559
0.00025429
0.000180371
0.000102966
5.08474e-05
2.3693e-05
1.37475e-05
1.23305e-05
1.06261e-05
1.33107e-05
1.35328e-05
1.1728e-05
1.34978e-05
2.16752e-05
3.26753e-05
5.29472e-05
7.7921e-05
0.000105855
0.000125893
0.000135762
0.000133756
0.000116476
8.82983e-05
6.31313e-05
4.01503e-05
1.92444e-05
9.30293e-06
8.09079e-06
1.27219e-05
1.85995e-05
2.48964e-05
2.60643e-05
2.26991e-05
1.49953e-05
1.00936e-05
4.63172e-06
2.97603e-06
3.20012e-06
3.32584e-06
1.72133e-06
9.98656e-07
6.57145e-07
8.86168e-07
1.70274e-06
3.4626e-06
3.74176e-06
3.87106e-06
3.40938e-06
2.57374e-06
8.11024e-07
7.81498e-07
6.13138e-07
6.48265e-07
1.44805e-06
2.023e-06
1.77684e-06
2.0045e-06
1.06098e-05
4.16377e-05
0.000104511
0.000205208
0.000342109
0.000506474
0.000677872
0.000841743
0.000993805
0.00108371
0.0010857
0.000988281
0.000795437
0.000542869
0.000340393
0.000259955
0.00034115
0.00062015
0.00111766
0.00176386
0.00248718
0.00315237
0.0036089
0.00379295
0.00368952
0.00330493
0.0027582
0.00219728
0.00164701
0.00115451
0.000781311
0.000545007
0.000408184
0.000329807
0.000295576
0.000262486
0.000217151
0.000173806
0.000146896
0.000120111
9.55217e-05
7.70524e-05
0.000101434
0.000237458
0.000535568
0.000972994
0.00149299
0.00206375
0.0026435
0.00315832
0.00365291
0.00402567
0.00415377
0.00403143
0.00371383
0.00321281
0.00269237
0.00226537
0.00189323
0.00154529
0.0012097
0.000902407
0.000624778
0.000393551
0.00023555
0.000137613
6.81514e-05
2.27616e-05
8.24741e-06
5.64496e-06
5.79369e-06
6.67206e-06
7.41112e-06
9.13648e-06
1.19938e-05
1.38416e-05
1.34731e-05
1.06476e-05
7.14072e-06
4.25192e-06
4.28874e-06
6.72098e-06
1.7348e-05
3.55999e-05
5.12114e-05
6.18425e-05
6.39481e-05
5.33145e-05
3.63167e-05
2.52392e-05
2.64012e-05
3.81939e-05
6.57964e-05
9.13868e-05
0.000117211
0.000145733
0.000171237
0.000181989
0.000190442
0.00019909
0.000194826
0.000185285
0.00018551
0.000190568
0.000175516
0.000145362
0.000111698
7.60045e-05
4.71511e-05
4.87604e-05
8.59037e-05
0.000159571
0.000263286
0.000387134
0.000515132
0.000608409
0.000655818
0.000675224
0.00066864
0.000656953
0.000680094
0.000716778
0.000731283
0.000685531
0.000582386
0.000439821
0.00028417
0.000146231
7.86199e-05
8.67554e-05
0.000164291
0.000314204
0.000516141
0.000722911
0.000934207
0.0011398
0.00134943
0.00160548
0.00201077
0.00252047
0.00320882
0.00404974
0.00503265
0.00607396
0.00712201
0.00797755
0.00856527
0.00882624
0.00874352
0.00839422
0.00779042
0.00700723
0.0060619
0.00497091
0.00378445
0.00267513
0.0017011
0.000941923
0.000469166
0.000277356
0.000311748
0.000530985
0.000911116
0.00138965
0.0019113
0.00237222
0.00266405
0.00266845
0.00243861
0.00200309
0.00154924
0.00117195
0.000905174
0.000700737
0.000550176
0.000379671
0.000214762
0.000100712
3.491e-05
1.0545e-05
1.11598e-05
3.59124e-05
8.39443e-05
0.000157906
0.000262282
0.00037685
0.000435082
0.000423938
0.000356058
0.000251801
0.000164776
0.000191514
0.00039011
0.000767479
0.00131032
0.00203613
0.00300046
0.0043341
0.00598358
0.00772852
0.0089946
0.0097546
0.00989397
0.00959298
0.00923183
0.00933046
0.00965275
0.00944215
0.00846409
0.00689962
0.00508215
0.0032889
0.00231879
0.00216348
0.00250205
0.00296891
0.00325515
0.00336253
0.00343844
0.00350124
0.00331192
0.00294527
0.00234712
0.00167976
0.00107187
0.000917024
0.00125844
0.00199812
0.00277253
0.00343728
0.00365859
0.00352206
0.00306891
0.00254164
0.00195346
0.00154573
0.00123839
0.000950462
0.000696098
0.000514649
0.000370459
0.000233621
0.000194333
0.000221011
0.000290874
0.000482621
0.000919023
0.00186479
0.00345986
0.00598557
0.00960343
0.0137356
0.0168317
0.0188786
0.0206693
0.0220976
0.0232363
0.024808
0.0244797
0.0211302
0.0159227
0.0102537
0.00476273
0.00142511
0.000558713
0.00118072
0.00211313
0.00311547
0.00355398
0.0033383
0.00273241
0.00172265
0.00062318
0.000184762
0.000181072
5.79211e-05
0.000109557
0.000182461
0.000299598
0.00049641
0.000976789
0.00176894
0.0025077
0.0032682
0.00469323
0.00681752
0.00914092
0.0115942
0.0124265
0.0112163
0.0085924
0.00541904
0.00214079
0.000442927
0.000417922
0.00137514
0.00259036
0.00388906
0.0043504
0.00397871
0.00308729
0.00187216
0.000602925
0.000126825
0.000114776
5.03367e-05
5.0232e-05
9.17137e-06
1.16153e-05
1.38487e-05
2.03646e-05
3.22424e-05
4.7294e-05
5.51135e-05
5.76912e-05
5.75476e-05
5.08914e-05
3.66464e-05
2.54321e-05
1.64678e-05
8.75449e-06
5.52785e-06
7.52848e-06
9.54028e-06
1.05158e-05
1.1057e-05
1.06323e-05
9.41772e-06
1.04931e-05
1.23512e-05
1.41655e-05
1.60817e-05
1.59476e-05
1.75078e-05
2.12226e-05
2.84237e-05
3.60061e-05
4.38862e-05
4.92027e-05
5.11308e-05
5.06596e-05
4.79008e-05
4.90238e-05
4.92308e-05
4.96339e-05
4.69153e-05
4.32193e-05
3.41095e-05
2.41566e-05
1.45299e-05
6.95164e-06
2.18834e-06
8.60291e-07
2.35791e-06
7.21278e-06
1.79904e-05
3.4229e-05
5.22451e-05
7.79527e-05
0.000114846
0.000165155
0.000236417
0.000317581
0.000417396
0.00052778
0.000636841
0.000728309
0.000807837
0.000843309
0.000844913
0.000810722
0.000741619
0.000648159
0.000544257
0.00043449
0.000328668
0.000241021
0.000174187
0.000129635
0.00010155
8.67551e-05
7.64104e-05
6.46971e-05
5.30733e-05
3.73918e-05
3.09017e-05
4.81222e-05
9.16539e-05
0.000167618
0.000298159
0.000480201
0.000691407
0.000920271
0.00115944
0.00136099
0.00148551
0.00153783
0.00155401
0.00142915
0.00124409
0.00106008
0.000869632
0.000647922
0.000525605
0.000452392
0.000418456
0.000440111
0.000509811
0.00067156
0.00090764
0.00118731
0.00153489
0.00196002
0.00232004
0.00249648
0.00228594
0.0018224
0.00139234
0.0013874
0.00164973
0.00228371
0.00310699
0.00385169
0.00421119
0.00440477
0.00428197
0.00402274
0.00338468
0.00245099
0.00152269
0.000921171
0.000509447
0.000505343
0.000810069
0.00113434
0.00140455
0.00153992
0.00167434
0.00207477
0.00280767
0.00383251
0.00536746
0.00716326
0.00878749
0.0099993
0.0102565
0.00944274
0.00759427
0.00527882
0.00299736
0.00136977
0.000379702
0.000136707
0.000239851
0.0003718
0.000416403
0.000427947
0.000348047
0.000239394
0.000108751
0.000163059
0.000341987
0.000521343
0.000627358
0.00076694
0.000823781
0.000720407
0.000710407
0.000836622
0.000939833
0.00109067
0.00142278
0.00189413
0.0023881
0.00273936
0.00295011
0.00304272
0.00294566
0.0027
0.00260995
0.0025511
0.00235345
0.00205504
0.00172068
0.00138817
0.00112761
0.000944778
0.000774894
0.000629285
0.000455087
0.000295888
0.000208721
0.00014395
0.000124449
0.000128146
8.84702e-05
1.81534e-05
1.06221e-05
8.1034e-06
2.15168e-05
6.84807e-05
0.000134216
0.000168899
0.000206484
0.000361943
0.000733873
0.00116875
0.00148985
0.00167427
0.00158088
0.00116959
0.000679987
0.000378086
0.000230379
0.000324248
0.000673619
0.00108308
0.00127315
0.00131005
0.00116405
0.000811387
0.000462566
0.000347242
0.000370156
0.000454928
0.000547464
0.000547763
0.000457542
0.000329607
0.000221695
0.000183544
0.000274899
0.000534544
0.00100906
0.00183219
0.00311921
0.00455736
0.00564379
0.00625355
0.00624786
0.00537238
0.00395352
0.00260134
0.00151112
0.000787682
0.0006758
0.00105517
0.00145939
0.00172797
0.00177158
0.00144442
0.000884396
0.000503674
0.000401286
0.000525937
0.000799045
0.00113012
0.00138059
0.00143516
0.00130031
0.00104366
0.000715203
0.000414119
0.000271172
0.000321973
0.000557427
0.000942703
0.00138422
0.00172391
0.00188158
0.00180665
0.00151236
0.00108771
0.000670694
0.000374044
0.00026931
0.000372307
0.000603428
0.000846505
0.00101481
0.00105395
0.000920998
0.00069142
0.00044907
0.000240394
0.000110055
7.60814e-05
0.000104265
0.000164286
0.000215521
0.000234113
0.000213354
0.000160694
9.99026e-05
5.23837e-05
3.70615e-05
6.01661e-05
0.000109438
0.000146069
0.00015301
0.000139685
0.000105918
6.03787e-05
4.76188e-05
7.64883e-05
0.000134347
0.000247239
0.000424123
0.000585469
0.000729552
0.000887132
0.000995814
0.00105086
0.00110747
0.00118174
0.00123943
0.00127735
0.00127446
0.00129451
0.0013184
0.00134136
0.00137578
0.00140102
0.00133297
0.00117858
0.000965413
0.000718305
0.000474912
0.000280977
0.0001803
0.000191416
0.000337563
0.000599642
0.000942213
0.00133347
0.00174373
0.00216861
0.00264077
0.00304164
0.00338518
0.00359351
0.0036184
0.00342204
0.00316922
0.0028045
0.00240367
0.00196452
0.00152624
0.00110803
0.000743138
0.000452785
0.000258599
0.000144233
7.1928e-05
4.90086e-05
5.45378e-05
8.52111e-05
0.000136652
0.000227096
0.000335556
0.000477384
0.000643719
0.000822694
0.000948217
0.00105477
0.00110146
0.00111103
0.0010902
0.00103336
0.000939019
0.000788603
0.000607718
0.000408376
0.000254313
0.000122393
5.5165e-05
2.05669e-05
9.72885e-06
5.02115e-06
5.56947e-06
5.74369e-06
7.55394e-06
1.60582e-05
3.51289e-05
5.16584e-05
6.7032e-05
8.45989e-05
9.29574e-05
8.74543e-05
8.05788e-05
7.02908e-05
5.32289e-05
3.46309e-05
2.18954e-05
1.44995e-05
1.56768e-05
2.14673e-05
2.972e-05
3.29252e-05
3.27063e-05
2.64992e-05
1.73901e-05
9.23244e-06
4.46328e-06
1.17716e-06
1.38092e-06
3.57183e-06
1.58077e-05
4.28437e-05
9.92907e-05
0.000184201
0.000297392
0.00042819
0.00057905
0.000683589
0.000718814
0.000692872
0.000601855
0.000450091
0.000299697
0.000183405
9.45755e-05
4.35318e-05
2.71212e-05
2.91735e-05
4.08241e-05
5.45104e-05
6.24585e-05
5.60014e-05
4.4979e-05
2.989e-05
1.55264e-05
7.12612e-06
4.67666e-06
3.76076e-06
3.42664e-06
3.36326e-06
2.90858e-06
4.00239e-06
1.25692e-05
3.23345e-05
6.23092e-05
0.000106619
0.000144048
0.000166779
0.000162799
0.000141133
0.000102586
6.72415e-05
4.0265e-05
2.6343e-05
2.02011e-05
1.45399e-05
1.00336e-05
4.96627e-06
2.7761e-06
1.20921e-06
1.61249e-06
2.08658e-06
2.76523e-06
3.85177e-06
4.82996e-06
1.51502e-05
2.07662e-05
2.93077e-05
2.97012e-05
2.81204e-05
2.00001e-05
3.99228e-05
0.000102075
0.000255597
0.000455081
0.000796663
0.00106973
0.00130656
0.00138725
0.00134736
0.0011096
0.000862291
0.000581841
0.000351282
0.000197876
9.11723e-05
3.93937e-05
1.2547e-05
1.0227e-05
7.24949e-06
1.27125e-05
2.55147e-05
3.90106e-05
4.56441e-05
6.13845e-05
6.26759e-05
5.77161e-05
4.50867e-05
3.79385e-05
2.6682e-05
3.39359e-05
5.47088e-05
0.00012626
0.000270929
0.000439126
0.000733023
0.0010341
0.00137188
0.00162492
0.00176681
0.00170288
0.00156625
0.00131889
0.00107165
0.000970592
0.000922443
0.000932743
0.000951399
0.000962554
0.000898921
0.000824326
0.000682524
0.000514189
0.000350039
0.00022279
0.000157261
0.00018843
0.000313491
0.000525514
0.000783587
0.00105455
0.00125716
0.00140184
0.00145646
0.00138575
0.00125392
0.00113722
0.00102488
0.000887246
0.000773582
0.000662792
0.000574676
0.000494606
0.000471822
0.000518542
0.00061272
0.00070016
0.000775198
0.000833515
0.000810433
0.000704229
0.000555612
0.000394013
0.000233371
0.000166242
0.000219088
0.000390354
0.00067587
0.00104605
0.00138904
0.00170108
0.00191844
0.00202602
0.00198777
0.00183434
0.00160166
0.00136904
0.00116236
0.00103408
0.00103592
0.0011263
0.00130199
0.00156564
0.00189053
0.00222739
0.00257354
0.00286505
0.00302375
0.00306756
0.00296691
0.00269826
0.00231747
0.00189146
0.00142105
0.00098687
0.000638058
0.000372208
0.000185411
8.34168e-05
4.65044e-05
4.31888e-05
6.92344e-05
0.000129928
0.000246794
0.000412662
0.000632158
0.000867567
0.00109239
0.00123428
0.001291
0.00114795
0.000887382
0.000650445
0.000701582
0.00102793
0.00166443
0.00290485
0.00466625
0.00653768
0.0085529
0.0103657
0.0114468
0.0116432
0.0110887
0.010166
0.00944493
0.00858777
0.00791259
0.00790027
0.00821388
0.00856944
0.00939953
0.0105334
0.0115134
0.0120625
0.0126176
0.0130897
0.0132711
0.0130473
0.0126578
0.0116238
0.0100864
0.00820887
0.00617097
0.00420015
0.00255285
0.00132055
0.000642742
0.000497801
0.000744752
0.00118842
0.00172787
0.00222151
0.00257313
0.00280606
0.00301278
0.00300444
0.00288016
0.00292048
0.00298925
0.00308897
0.00330913
0.00347878
0.00337568
0.00299656
0.0024748
0.00189265
0.00132629
0.000846058
0.000555257
0.000358
0.000325867
0.000443195
0.000612294
0.000713836
0.00075701
0.000704001
0.000580918
0.000440929
0.000328494
0.000208527
0.000121017
6.65215e-05
4.82934e-05
5.57205e-05
0.000136706
0.000297158
0.000618002
0.00119724
0.00213565
0.00324727
0.00468048
0.00640178
0.00837688
0.0102266
0.01211
0.0140641
0.0161862
0.0181106
0.0199612
0.0215036
0.0224242
0.0226724
0.0223765
0.022012
0.0218174
0.0218045
0.0216885
0.0219217
0.0219301
0.0215121
0.0204277
0.0185254
0.015556
0.0118
0.00780079
0.00470064
0.00365851
0.00535119
0.0100411
0.0173776
0.0265823
0.0366265
0.0465922
0.0549777
0.0607014
0.0638993
0.0648657
0.0632176
0.0601048
0.056258
0.0515309
0.0459271
0.0400447
0.0344654
0.0296991
0.0257845
0.0227153
0.0210347
0.0203223
0.0206222
0.0216073
0.0226859
0.02285
0.0216587
0.0185887
0.014244
0.00959421
0.00553958
0.00279944
0.00203193
0.00312063
0.00553349
0.00872375
0.011962
0.0143871
0.0157717
0.015974
0.0152216
0.0138232
0.0122771
0.0106398
0.00917517
0.00771799
0.00630675
0.00503298
0.00389411
0.00299843
0.00245499
0.00243495
0.00302258
0.00429272
0.00602947
0.00814412
0.0104595
0.0127218
0.0146869
0.016138
0.0168511
0.0165317
0.0152326
0.0131081
0.0106236
0.00812667
0.00599458
0.00431398
0.00309587
0.0022075
0.00155865
0.00110686
0.000816149
0.000665855
0.000564388
0.000496849
0.000436321
0.000368778
0.000288837
0.000216232
0.000167593
0.000118203
7.75424e-05
4.88582e-05
4.7076e-05
7.04347e-05
0.000155446
0.000318184
0.000581012
0.000927689
0.00138774
0.00191937
0.0024795
0.00299909
0.00341908
0.00365659
0.00367804
0.00348726
0.00307726
0.00256269
0.00201437
0.00152409
0.00113522
0.00090538
0.000805152
0.000806642
0.000893207
0.00103843
0.0012128
0.00141457
0.00164709
0.00184839
0.00198329
0.00204712
0.00198388
0.00180062
0.00151141
0.00116118
0.000798812
0.000491911
0.000270169
0.00020967
0.000340838
0.000655373
0.00110798
0.00161638
0.00206844
0.00236471
0.00243475
0.00232017
0.00204043
0.00168747
0.00133335
0.00104114
0.000794219
0.000625861
0.000510928
0.000450766
0.00043038
0.000441409
0.000473301
0.000498844
0.00050382
0.00050241
0.000485808
0.000450235
0.000409914
0.000368974
0.000315145
0.000254712
0.000192019
0.000130255
7.96659e-05
5.6382e-05
8.02457e-05
0.000149157
0.000251255
0.000372872
0.000498448
0.000612502
0.00068958
0.000721905
0.000699062
0.000621956
0.000490176
0.000342807
0.000209825
0.000110891
4.80121e-05
2.13837e-05
2.01392e-05
3.51726e-05
5.83913e-05
8.12864e-05
9.549e-05
9.90121e-05
9.19922e-05
7.53381e-05
5.97546e-05
4.81612e-05
4.02416e-05
3.67667e-05
4.29941e-05
6.33099e-05
0.000104558
0.000160551
0.000222633
0.000292548
0.0003447
0.00037962
0.000399708
0.000386082
0.000334452
0.00026435
0.000182485
0.000100406
4.98333e-05
3.70037e-05
6.26285e-05
0.000122531
0.000206337
0.000303725
0.00040134
0.000496801
0.00058529
0.000654409
0.000684551
0.000672005
0.00063064
0.000550417
0.000453251
0.000360232
0.000283036
0.000208925
0.000146083
9.16916e-05
5.18638e-05
2.62797e-05
1.05006e-05
3.79912e-06
4.33018e-06
1.03872e-05
1.99541e-05
3.47769e-05
4.68355e-05
5.63156e-05
6.36037e-05
7.22435e-05
7.77447e-05
8.64183e-05
9.73587e-05
0.000101654
9.88683e-05
9.44616e-05
9.87149e-05
0.000107874
0.000118256
0.00012565
0.000128539
0.000118054
9.94215e-05
8.22249e-05
6.74014e-05
5.5141e-05
4.26366e-05
3.02303e-05
1.88627e-05
9.98128e-06
3.44469e-06
1.55089e-06
2.21258e-06
4.4032e-06
6.13259e-06
6.59799e-06
6.06284e-06
4.76402e-06
2.39393e-06
8.55162e-07
5.84835e-07
5.40519e-07
1.16071e-06
1.62471e-06
2.09482e-06
3.73856e-06
8.13733e-06
1.36511e-05
1.87376e-05
2.18742e-05
2.35988e-05
2.29155e-05
1.84504e-05
1.38463e-05
1.06488e-05
7.95469e-06
4.70376e-06
4.09894e-06
4.35752e-06
4.43321e-06
3.55762e-06
3.3213e-06
2.77572e-06
2.23118e-06
2.43865e-06
3.71879e-06
5.46812e-06
8.45348e-06
1.13238e-05
1.48572e-05
1.52984e-05
1.36651e-05
1.03763e-05
6.90808e-06
2.44082e-06
8.37133e-07
7.07307e-07
1.3201e-06
2.84588e-06
4.55025e-06
8.68121e-06
1.59757e-05
2.33022e-05
3.0506e-05
3.85322e-05
4.67037e-05
5.65449e-05
7.55007e-05
0.000105203
0.000137212
0.000152811
0.000155893
0.000144042
0.000115802
7.77407e-05
4.97953e-05
3.22118e-05
3.17303e-05
5.30984e-05
9.61744e-05
0.000137653
0.000171093
0.000190437
0.00018976
0.000169336
0.000145649
0.000117957
8.74717e-05
5.75771e-05
3.13372e-05
1.34888e-05
4.91152e-06
1.35042e-06
3.25139e-07
1.71109e-07
7.37398e-07
3.78047e-06
1.10775e-05
2.7552e-05
4.87235e-05
6.92132e-05
8.95624e-05
0.000105048
0.000103908
8.95649e-05
6.89569e-05
4.71066e-05
3.18206e-05
3.6681e-05
5.95172e-05
9.14342e-05
0.000121837
0.000147009
0.000154737
0.000147417
0.000127717
0.00010096
6.94296e-05
4.14824e-05
1.94077e-05
7.59146e-06
4.18222e-06
6.5048e-06
1.0507e-05
1.46957e-05
1.77378e-05
1.91169e-05
1.87409e-05
1.68163e-05
1.46398e-05
1.20339e-05
8.8712e-06
6.19295e-06
4.34598e-06
2.06736e-06
1.21018e-06
2.38956e-06
2.00213e-06
1.77538e-06
1.88367e-06
1.45378e-06
3.9845e-07
3.73305e-07
5.5676e-07
1.24227e-06
3.02256e-06
4.74168e-06
5.88366e-06
6.41591e-06
5.89097e-06
4.17256e-06
2.3965e-06
1.18034e-06
4.75482e-07
3.23876e-07
2.41986e-07
1.49952e-07
2.03241e-07
4.18939e-07
7.87711e-07
1.69795e-06
2.4254e-06
2.61933e-06
2.57534e-06
2.5882e-06
2.19982e-06
3.27675e-06
4.23457e-06
4.40552e-06
4.13075e-06
3.8084e-06
2.26682e-06
1.06151e-06
7.14309e-07
7.41017e-07
9.19963e-07
1.18828e-06
1.58762e-06
1.73845e-06
1.53223e-06
1.18374e-06
9.79205e-07
5.71194e-07
4.58706e-07
4.22636e-07
3.94344e-07
1.32406e-07
3.44801e-07
6.14988e-07
7.34219e-07
7.67344e-07
7.15151e-07
6.09061e-07
3.86108e-07
7.87478e-07
1.74943e-06
2.9411e-06
4.12057e-06
5.51604e-06
5.5001e-06
4.55176e-06
3.52787e-06
2.73544e-06
1.2466e-06
8.04438e-07
1.23487e-06
1.92356e-06
2.55908e-06
3.63541e-06
4.38274e-06
4.51101e-06
3.73721e-06
3.24061e-06
2.44691e-06
1.93149e-06
1.47102e-06
1.60447e-06
1.02346e-06
7.43198e-07
4.4236e-07
3.18145e-07
3.79454e-07
6.01905e-07
9.96864e-07
2.24746e-06
4.32211e-06
7.33711e-06
1.07902e-05
1.43158e-05
1.47493e-05
1.39035e-05
1.17753e-05
9.24817e-06
5.67521e-06
4.0089e-06
2.82355e-06
2.30997e-06
2.23676e-06
2.93559e-06
3.17458e-06
3.26033e-06
2.61822e-06
1.96446e-06
1.49558e-06
1.96758e-06
2.43646e-06
3.17156e-06
3.13269e-06
2.60908e-06
1.98829e-06
2.18014e-06
3.06729e-06
4.70874e-06
5.69224e-06
5.88038e-06
5.21642e-06
3.95273e-06
2.02088e-06
1.5901e-06
1.63335e-06
1.8266e-06
1.58658e-06
1.68836e-06
1.71776e-06
2.15416e-06
2.50596e-06
2.77595e-06
3.01839e-06
2.83526e-06
2.61764e-06
2.39904e-06
2.37675e-06
1.94481e-06
1.49376e-06
9.30089e-07
6.05896e-07
2.88828e-07
2.5086e-07
4.80608e-07
4.94452e-07
8.36595e-07
1.2815e-06
1.63877e-06
1.86622e-06
1.97659e-06
1.63169e-06
1.24295e-06
8.71595e-07
4.57745e-07
3.36072e-07
4.54636e-07
1.20757e-06
1.64066e-06
1.65293e-06
1.66012e-06
1.3963e-06
5.15109e-07
7.85987e-08
3.0669e-08
1.1369e-07
5.07505e-07
1.34982e-06
2.46177e-06
3.10804e-06
3.46572e-06
3.40812e-06
2.99658e-06
2.11683e-06
2.027e-06
2.05881e-06
1.82897e-06
1.49791e-06
1.58492e-06
1.18132e-06
8.43781e-07
8.29354e-07
7.6296e-07
7.17728e-07
6.98032e-07
6.58209e-07
1.05851e-06
1.46979e-06
1.25015e-06
1.10393e-06
1.01113e-06
5.6394e-07
1.1934e-07
6.49984e-08
6.65919e-08
6.32927e-08
2.24165e-07
4.03165e-07
6.8734e-07
6.97754e-07
1.198e-06
2.21688e-06
2.40105e-06
2.23388e-06
2.25014e-06
2.01486e-06
9.77546e-07
6.99874e-07
7.40644e-07
1.26619e-06
2.38275e-06
4.12547e-06
4.69083e-06
5.02919e-06
4.47226e-06
3.68803e-06
2.24898e-06
2.76124e-06
3.26916e-06
3.74031e-06
3.34361e-06
3.0519e-06
1.97704e-06
1.45563e-06
1.01994e-06
8.69415e-07
9.3387e-07
2.02479e-06
2.68972e-06
3.84971e-06
5.31615e-06
6.28377e-06
6.36832e-06
7.09307e-06
6.81783e-06
5.64992e-06
4.54074e-06
3.40636e-06
1.63846e-06
7.67666e-07
4.15271e-07
3.28306e-07
2.08882e-07
1.09783e-07
1.15195e-06
3.62974e-06
6.58303e-06
9.34291e-06
1.0851e-05
1.01921e-05
7.8058e-06
5.12913e-06
2.78014e-06
1.84338e-06
1.43954e-06
1.34481e-06
1.60886e-06
1.9466e-06
1.94685e-06
2.20841e-06
2.44101e-06
2.53458e-06
3.41203e-06
5.9853e-06
8.68828e-06
1.16876e-05
1.28141e-05
1.27724e-05
1.1771e-05
9.97559e-06
7.66143e-06
7.13682e-06
6.43806e-06
4.76424e-06
5.06184e-06
5.32185e-06
5.17081e-06
5.41645e-06
5.44498e-06
5.00677e-06
4.95465e-06
4.65842e-06
4.22715e-06
3.84387e-06
2.78664e-06
1.70804e-06
8.83512e-07
1.75113e-07
6.76148e-08
2.66995e-07
5.03064e-07
8.44528e-07
1.25139e-06
2.17353e-06
2.50088e-06
3.42612e-06
4.3042e-06
4.55778e-06
4.69697e-06
4.33486e-06
3.51518e-06
3.35062e-06
3.41288e-06
2.52916e-06
3.40935e-06
3.75127e-06
3.00455e-06
3.59182e-06
4.3291e-06
4.6457e-06
4.95059e-06
5.16401e-06
4.39621e-06
3.63601e-06
2.32033e-06
1.33388e-06
9.48419e-07
5.99473e-07
9.13759e-07
1.18369e-06
1.26562e-06
1.28919e-06
1.11852e-06
6.55314e-07
4.06943e-07
2.93748e-07
2.56226e-07
3.17717e-07
7.17103e-07
1.20637e-06
2.09917e-06
3.63088e-06
5.26745e-06
7.19864e-06
1.02575e-05
1.205e-05
1.23741e-05
1.42097e-05
1.4671e-05
1.30789e-05
1.17245e-05
1.09272e-05
8.08319e-06
5.87112e-06
3.9741e-06
2.67927e-06
1.6578e-06
1.3398e-06
1.45414e-06
2.32718e-06
2.57418e-06
2.4227e-06
2.66664e-06
2.94888e-06
2.70296e-06
3.24954e-06
4.07309e-06
5.47446e-06
7.30598e-06
1.06385e-05
1.26529e-05
1.49662e-05
1.37953e-05
1.34078e-05
1.07862e-05
8.73575e-06
5.89254e-06
5.03797e-06
2.72343e-06
2.50847e-06
3.15405e-06
4.81426e-06
6.96127e-06
1.06873e-05
1.51714e-05
2.08e-05
2.37588e-05
2.56659e-05
2.49232e-05
2.13697e-05
1.69669e-05
1.55758e-05
1.69519e-05
1.94556e-05
1.99601e-05
1.92475e-05
1.77605e-05
1.47041e-05
1.04437e-05
8.46475e-06
6.52161e-06
4.615e-06
3.71175e-06
4.21234e-06
6.43997e-06
1.07618e-05
1.60689e-05
2.09957e-05
2.57882e-05
3.21547e-05
3.45972e-05
3.33155e-05
2.92169e-05
2.47613e-05
1.68661e-05
1.16513e-05
8.23217e-06
7.11037e-06
5.57133e-06
4.21069e-06
2.63451e-06
1.88874e-06
7.05417e-07
6.92007e-08
1.37289e-07
1.99735e-07
2.59352e-07
3.21059e-07
5.44045e-07
5.01938e-07
4.3793e-07
3.80865e-07
3.11605e-07
1.11276e-07
1.65459e-07
5.81729e-07
7.93684e-07
1.11944e-06
1.31094e-06
2.07404e-06
2.59464e-06
3.00348e-06
2.89074e-06
2.72584e-06
1.92092e-06
9.97064e-07
3.73746e-07
1.99352e-07
2.03248e-07
1.57656e-06
4.2519e-06
7.93474e-06
1.18315e-05
1.57096e-05
1.6354e-05
1.4519e-05
1.10124e-05
7.07912e-06
3.1652e-06
2.53177e-06
5.98239e-06
1.25242e-05
2.09284e-05
2.90521e-05
3.39803e-05
3.28456e-05
2.75931e-05
1.94281e-05
1.20816e-05
5.85033e-06
2.86098e-06
2.25604e-06
3.02616e-06
3.04094e-06
3.14164e-06
3.26353e-06
2.84634e-06
2.24328e-06
1.9452e-06
1.74814e-06
1.44877e-06
1.07571e-06
8.75371e-07
4.69296e-07
4.88645e-07
7.50802e-07
1.27073e-06
1.39131e-06
1.60712e-06
2.30645e-06
2.71033e-06
3.17556e-06
4.84143e-06
6.31198e-06
6.64706e-06
6.41336e-06
5.4287e-06
3.43432e-06
1.84712e-06
1.14503e-06
9.11059e-07
9.51959e-07
9.8413e-07
8.10858e-07
5.59953e-07
6.62322e-07
8.327e-07
1.35747e-06
1.35486e-06
1.18825e-06
8.88102e-07
7.34817e-07
2.01552e-07
8.86551e-07
1.9485e-06
2.78807e-06
2.76271e-06
2.80717e-06
2.08155e-06
1.0183e-06
1.7539e-07
8.62718e-08
2.04375e-07
2.70511e-07
2.74484e-07
3.25093e-07
1.22477e-06
1.73531e-06
2.68485e-06
3.22258e-06
3.43982e-06
2.62575e-06
2.0416e-06
1.13062e-06
5.94821e-07
3.36286e-07
2.82996e-07
1.68594e-07
6.37815e-08
6.35479e-08
1.09859e-07
1.38641e-07
1.53809e-07
3.01692e-07
3.33083e-07
2.77024e-07
5.8986e-07
1.05253e-06
1.50885e-06
2.30147e-06
2.75025e-06
4.44254e-06
6.46675e-06
1.08254e-05
1.56915e-05
2.02518e-05
1.97627e-05
1.81987e-05
1.35202e-05
7.90856e-06
2.90881e-06
1.68503e-06
2.115e-06
6.32977e-06
1.60768e-05
3.34814e-05
5.53243e-05
7.91253e-05
0.000101651
0.000118552
0.0001285
0.000128971
0.000124986
0.000111768
9.30445e-05
6.87843e-05
4.79872e-05
2.98631e-05
2.0202e-05
2.02221e-05
3.61803e-05
7.95298e-05
0.000152571
0.000280441
0.000469124
0.00073316
0.00101873
0.00128257
0.00146339
0.00151522
0.00138216
0.00110376
0.000765286
0.000489025
0.000419529
0.000701247
0.00136498
0.00233257
0.00340639
0.00437663
0.00500921
0.00518087
0.00486294
0.00415272
0.00320424
0.00220173
0.00131926
0.000673251
0.00030464
0.000169092
0.000187038
0.000272953
0.000348891
0.000374914
0.000339951
0.000264687
0.000173989
0.000103465
7.11428e-05
8.25504e-05
0.000122448
0.000164837
0.000179358
0.000159372
0.00011803
8.83365e-05
8.9266e-05
0.000124011
0.000179469
0.000226961
0.00022834
0.000184503
0.000161672
0.000269233
0.000609838
0.00129095
0.00240667
0.00401753
0.00615612
0.00881406
0.0117788
0.0147939
0.0174623
0.0194464
0.0203896
0.0201455
0.0186887
0.0161761
0.0129016
0.00935453
0.00604484
0.00337108
0.00161567
0.000772138
0.000650397
0.000979685
0.00149132
0.00202238
0.00249504
0.00294121
0.00350692
0.00434442
0.00569465
0.00772158
0.0104536
0.0138099
0.0177929
0.0223262
0.0273787
0.0328748
0.0383286
0.0430712
0.04644
0.0478356
0.0468664
0.0437301
0.0387129
0.0322259
0.0249058
0.0175942
0.0110329
0.00599275
0.00295333
0.00209043
0.00317834
0.00593832
0.0098664
0.0143934
0.0188787
0.0229258
0.0261185
0.0283121
0.0298761
0.0309659
0.0319588
0.0329662
0.034345
0.0360152
0.0380634
0.0400644
0.0417296
0.0424894
0.0418964
0.0396551
0.03574
0.0305247
0.0244
0.0180283
0.0121242
0.00728288
0.00375902
0.00174566
0.00116091
0.00195987
0.0042015
0.008157
0.0139746
0.0216513
0.0307234
0.0404989
0.0499207
0.0580421
0.0643212
0.0683825
0.070526
0.0709643
0.0704886
0.0691805
0.0673972
0.0647726
0.0611954
0.0561387
0.0495246
0.0413615
0.0320188
0.0225154
0.0139798
0.00780983
0.00508423
0.00623782
0.0107788
0.0176192
0.0252788
0.0321758
0.0374692
0.0410492
0.043198
0.044529
0.0456854
0.0469877
0.0481846
0.0491244
0.0494349
0.0492798
0.0485836
0.0472684
0.0451764
0.0421001
0.0378691
0.0327929
0.0273611
0.0220405
0.0171972
0.0128966
0.00903439
0.00575536
0.00339595
0.0026523
0.00435536
0.00915757
0.0171488
0.0278449
0.0399379
0.0516856
0.0612102
0.0676689
0.0705763
0.0701585
0.0667757
0.0613514
0.0542487
0.0461441
0.0376716
0.0296995
0.0226446
0.0166447
0.0116079
0.00755773
0.00442229
0.00222967
0.00102614
0.000718396
0.000992098
0.00152933
0.00205936
0.00246401
0.00278393
0.0031949
0.00392872
0.00533506
0.00776184
0.0115576
0.0168186
0.023626
0.0317067
0.0406596
0.0494017
0.0566481
0.0610696
0.0619779
0.0591046
0.0530258
0.044891
0.0359352
0.0271073
0.019085
0.0123601
0.00717025
0.00365979
0.00187045
0.00175328
0.00326155
0.0061858
0.0103682
0.0153779
0.0206562
0.0257723
0.0306605
0.0353102
0.0398308
0.0445926
0.0496062
0.0547622
0.0595192
0.0635885
0.0661167
0.0661435
0.0626442
0.055521
0.0452191
0.0331563
0.0213457
0.0118925
0.00615208
0.00447818
0.00619761
0.0101705
0.0154313
0.0212763
0.0274115
0.0335314
0.039572
0.0449339
0.04905
0.0517876
0.0534492
0.0540887
0.0535608
0.0517234
0.0482449
0.0434654
0.0377111
0.0318784
0.026683
0.0223215
0.0183043
0.0143702
0.0104248
0.00673506
0.00409781
0.00362497
0.00631855
0.0126994
0.0225188
0.0346948
0.0473871
0.0589502
0.0682918
0.0749762
0.0789519
0.0804872
0.0797347
0.07653
0.070594
0.0624256
0.0527954
0.0424598
0.0321102
0.0225405
0.0143212
0.00808147
0.00423728
0.00303229
0.00410375
0.00663044
0.0095703
0.0123094
0.0147802
0.0173102
0.0203176
0.0242755
0.0291364
0.0340762
0.0387302
0.0425864
0.0456647
0.0476763
0.0484579
0.0473317
0.0443043
0.0393062
0.0329213
0.0262832
0.0202629
0.0151818
0.01093
0.00746929
0.00461016
0.0025528
0.00160542
0.0022459
0.00487539
0.00979804
0.0168545
0.0255997
0.0351414
0.0445579
0.0535208
0.0620116
0.0697897
0.0770913
0.0831918
0.0866181
0.0867204
0.0832251
0.0761693
0.0665277
0.0552115
0.0427913
0.0305136
0.0194662
0.0107576
0.00543916
0.00385652
0.00539661
0.00912441
0.0141594
0.020223
0.0273099
0.0359463
0.0460127
0.0563548
0.0659187
0.0733493
0.0777739
0.0789691
0.0776302
0.0736966
0.0682031
0.0611866
0.0534631
0.0459501
0.0395165
0.0342382
0.0301232
0.0262816
0.0220945
0.017377
0.0122384
0.00755217
0.00460852
0.00436283
0.00757861
0.0143001
0.0237355
0.0344949
0.0456671
0.0567171
0.0675204
0.078122
0.0880241
0.0952966
0.0984305
0.0962187
0.0886494
0.0766247
0.0623321
0.0472223
0.0331729
0.021062
0.0118018
0.00558768
0.00241286
0.00142345
0.00178652
0.00267047
0.00375146
0.00523554
0.00781082
0.0119716
0.0177929
0.0249895
0.0329268
0.0407061
0.0478701
0.0539496
0.0585452
0.0610655
0.061104
0.0584589
0.0536885
0.0473623
0.0403368
0.0332792
0.0264361
0.0197541
0.0135455
0.0082824
0.00455569
0.00298196
0.0039508
0.00757
0.0135669
0.0214068
0.030121
0.0389637
0.0477347
0.0564568
0.0655567
0.0748424
0.083799
0.0910069
0.0952586
0.0955017
0.092024
0.08511
0.075197
0.0630045
0.0491812
0.0349566
0.0219555
0.011869
0.00572108
0.00383652
0.00545764
0.00951314
0.0151158
0.0221563
0.0306948
0.0407821
0.051922
0.0631858
0.0728005
0.0798099
0.0832442
0.0833889
0.0807306
0.075633
0.0682734
0.0593761
0.0496643
0.0400854
0.0318735
0.0254839
0.0208326
0.0171671
0.0137803
0.0102947
0.00686008
0.00419219
0.00335209
0.00543004
0.0111625
0.0204364
0.0322681
0.0452832
0.0580173
0.0698931
0.0805079
0.0897949
0.0971768
0.101776
0.101744
0.0968337
0.0872919
0.074412
0.0597196
0.0450466
0.03139
0.0198305
0.0110212
0.00538551
0.00281031
0.0026716
0.00388065
0.00543109
0.00665512
0.00767278
0.00882703
0.0107714
0.014005
0.0185069
0.0239968
0.0297191
0.0350095
0.0395053
0.0434092
0.0463163
0.0480163
0.0478939
0.0455766
0.0413027
0.0356315
0.0294778
0.0237298
0.0186971
0.0141074
0.00999714
0.00643369
0.00366603
0.00216821
0.00234855
0.00453173
0.0086256
0.0143272
0.021047
0.0280865
0.0350233
0.0418891
0.0489077
0.0561817
0.0629705
0.0682682
0.0708702
0.0704336
0.0668
0.0610979
0.0539639
0.0459864
0.0370673
0.0278042
0.0188048
0.0110723
0.00551048
0.00258171
0.00206069
0.00331239
0.00595295
0.00996163
0.0158566
0.0240902
0.0348491
0.0478072
0.0614783
0.0743657
0.0849097
0.0924166
0.095805
0.0950529
0.0898827
0.0810008
0.0689885
0.0555663
0.0424104
0.0310002
0.0219035
0.0151024
0.0101829
0.00658529
0.00393392
0.0021702
0.001534
0.00231074
0.00476514
0.00889144
0.0142509
0.0201559
0.0260748
0.031943
0.0380602
0.0445407
0.0512054
0.0573501
0.0615742
0.0628762
0.0608118
0.0558264
0.0484711
0.0396237
0.0299553
0.020657
0.0125653
0.00660015
0.0032919
0.00258519
0.00354847
0.00523254
0.0067317
0.00781387
0.00855527
0.0094735
0.010807
0.0126156
0.0147811
0.0170499
0.0192773
0.0212273
0.0231032
0.024605
0.0255266
0.0252675
0.0238267
0.0213043
0.0180962
0.0145434
0.0110884
0.00799839
0.00526553
0.00306758
0.00165295
0.00138134
0.00246493
0.00499454
0.00888272
0.0139041
0.0194791
0.0250239
0.0299733
0.0340926
0.0373286
0.0400854
0.0421715
0.0432891
0.0430882
0.0412792
0.037758
0.032843
0.0273838
0.0217552
0.0163415
0.0112996
0.00712115
0.00387617
0.00181647
0.00094058
0.00116117
0.00222939
0.00432253
0.00777216
0.01307
0.0204303
0.0292974
0.0386275
0.0474207
0.0546522
0.059484
0.061636
0.0607964
0.0569769
0.0505552
0.0424482
0.0339391
0.0261991
0.0198134
0.0148851
0.0110018
0.00768509
0.00486736
0.00278267
0.00183703
0.00250237
0.00505225
0.00955131
0.0156752
0.0228043
0.0301587
0.0372516
0.0441738
0.0512196
0.0584571
0.0656773
0.0716148
0.0749651
0.0746108
0.0703751
0.062595
0.0525149
0.0410271
0.0294404
0.0189645
0.0106713
0.00515204
0.00258386
0.0024046
0.00368835
0.00561317
0.00801018
0.011102
0.0152405
0.0206435
0.0274214
0.0352212
0.0435195
0.0518534
0.0595939
0.0658442
0.0695451
0.0700311
0.0672783
0.0616387
0.0539815
0.0456359
0.0375551
0.0299929
0.0230955
0.0168068
0.011221
0.00667789
0.00374206
0.00301284
0.00496374
0.00968558
0.0169228
0.0259532
0.0361323
0.046864
0.0581078
0.070005
0.082496
0.0948763
0.106476
0.115889
0.121758
0.123327
0.120221
0.112265
0.0995469
0.0829414
0.0640036
0.0449469
0.0279011
0.0149938
0.00725355
0.0045737
0.00619461
0.0115665
0.0204324
0.0327441
0.0485965
0.0672565
0.0866148
0.104364
0.118357
0.127269
0.130605
0.128649
0.121778
0.111204
0.0977836
0.0829628
0.0686123
0.0562315
0.0461546
0.0381221
0.0314813
0.0253872
0.0193734
0.0134738
0.00834705
0.00483184
0.00389225
0.00631502
0.0121279
0.020636
0.0309153
0.042299
0.0542252
0.0667144
0.0795478
0.0915279
0.100586
0.10524
0.104355
0.0981547
0.0876016
0.0742362
0.0593212
0.0442346
0.0299962
0.0180106
0.00925636
0.00407036
0.00192649
0.0019767
0.00307451
0.00460184
0.00639512
0.00885275
0.0121564
0.0164281
0.0212817
0.0261213
0.0304055
0.0339426
0.03667
0.0386666
0.0399675
0.040004
0.0384734
0.0355636
0.0317098
0.0274951
0.0235726
0.0200415
0.0166808
0.0132469
0.00966317
0.00623965
0.0036091
0.00232765
0.00303632
0.00607485
0.0113643
0.0185025
0.0268559
0.0357389
0.0447929
0.0542519
0.0637172
0.0727579
0.0802996
0.0851755
0.0865244
0.0844547
0.0792806
0.0716259
0.062366
0.0513837
0.0393929
0.0274995
0.017077
0.00896515
0.00416831
0.00261484
0.0036891
0.00692332
0.012343
0.0201456
0.0302979
0.0424767
0.0555867
0.0676943
0.0773727
0.0834555
0.0858505
0.0848429
0.0810391
0.0747299
0.0666429
0.0574229
0.0480596
0.0396846
0.0328201
0.0275192
0.023225
0.0192007
0.0149769
0.0106404
0.00670191
0.00391316
0.00326789
0.00546233
0.0108506
0.0190175
0.0291868
0.0402904
0.0518623
0.0633611
0.0746516
0.0849483
0.0930511
0.0971758
0.0964899
0.0906849
0.0807015
0.0682166
0.0546462
0.0411403
0.028689
0.018091
0.00990067
0.00459935
0.00203022
0.00153282
0.002278
0.00375433
0.00590886
0.00899596
0.0131506
0.0181609
0.0236934
0.0291522
0.0340718
0.0385537
0.0427933
0.046119
0.0480856
0.0483255
0.0468148
0.0436573
0.0396427
0.0354845
0.0314843
0.0273019
0.0226927
0.0178038
0.0128138
0.00821069
0.00462055
0.00278776
0.00311524
0.00583484
0.0107929
0.0175105
0.025351
0.0340544
0.0434001
0.0533158
0.0631132
0.0718107
0.078287
0.0812942
0.08039
0.076221
0.0696176
0.0608819
0.050745
0.0398289
0.0288964
0.0187838
0.0106109
0.0051582
0.00246218
0.0020708
0.00368344
0.0072358
0.012797
0.0207307
0.0312797
0.0431385
0.0550468
0.0652976
0.0723653
0.0754504
0.0751146
0.0713733
0.0651662
0.0572453
0.0482132
0.0392584
0.0314897
0.0252996
0.0208832
0.0177354
0.0149474
0.0120587
0.00895624
0.00586146
0.00351854
0.00275395
0.00429028
0.00855444
0.0155422
0.0245349
0.0348434
0.0460909
0.0576661
0.0694093
0.0809007
0.0905201
0.0965829
0.0980453
0.0939514
0.0846725
0.071859
0.0568705
0.041601
0.0276079
0.0162292
0.00821301
0.00393133
0.00271126
0.00360681
0.00540516
0.00741344
0.00962488
0.0126691
0.0171527
0.0233961
0.0309974
0.0393628
0.0474087
0.0546932
0.060806
0.0655183
0.0681413
0.0680243
0.0647733
0.0587204
0.0508579
0.0422098
0.0341744
0.0270731
0.0207499
0.0149315
0.00985303
0.00574907
0.00334666
0.00332494
0.00618777
0.012085
0.020678
0.0310907
0.0422445
0.0533539
0.0640498
0.0746727
0.0853221
0.0953772
0.103473
0.108245
0.108374
0.103654
0.0950699
0.0836882
0.0703997
0.0557845
0.0409305
0.0270356
0.0155453
0.00757378
0.00375787
0.00369072
0.00652078
0.0116791
0.019293
0.029607
0.0428625
0.0582775
0.0747704
0.0899232
0.102326
0.11042
0.113985
0.112729
0.106998
0.0972023
0.0844422
0.0701893
0.0558255
0.0432076
0.0328313
0.024731
0.0182425
0.0129719
0.00851179
0.00502559
0.00288861
0.00264799
0.00467246
0.00911238
0.0157779
0.0239811
0.0327792
0.0416982
0.0507081
0.0597006
0.0686873
0.0767838
0.0830179
0.0857286
0.084398
0.0788986
0.0702275
0.0591567
0.0468647
0.0343097
0.0226483
0.0130931
0.00651187
0.00325266
0.00291008
0.00450828
0.00707064
0.0102117
0.0141566
0.0189667
0.0245568
0.030692
0.0365501
0.0415627
0.0454876
0.048334
0.0497913
0.0498241
0.0479341
0.0440425
0.038511
0.0319681
0.0251692
0.018884
0.0134211
0.00882205
0.00521649
0.00286931
0.00222741
0.00381656
0.0081004
0.0152881
0.0251206
0.0368994
0.0494587
0.0615844
0.0723133
0.0811955
0.0883863
0.0934477
0.095544
0.0939051
0.0879992
0.0775606
0.063943
0.0490508
0.0346021
0.0220897
0.0126071
0.00681924
0.0049995
0.00708704
0.0123844
0.0196613
0.027487
0.035162
0.0428782
0.050709
0.0586589
0.0660998
0.0724601
0.0766757
0.0784667
0.078304
0.0770241
0.0744794
0.0702667
0.0642449
0.056448
0.0472109
0.0371711
0.0273339
0.0185005
0.0112312
0.00651453
0.00569802
0.0102163
0.0210471
0.03854
0.0619395
0.0897017
0.119063
0.146809
0.168626
0.181227
0.18361
0.176257
0.159675
0.136431
0.10959
0.0814299
0.0545297
0.032096
0.0161787
0.00724079
0.00462602
0.00695171
0.0121776
0.0183576
0.0242769
0.0296277
0.0344576
0.0395517
0.0463998
0.0559963
0.0682106
0.0817699
0.0958472
0.109199
0.120489
0.127908
0.130313
0.126604
0.116038
0.099367
0.0788406
0.0573847
0.0373348
0.0213804
0.0114222
0.00889376
0.0143609
0.0278512
0.0478686
0.0723016
0.0985169
0.123735
0.144588
0.15884
0.165096
0.163326
0.154709
0.141246
0.124588
0.105929
0.0861094
0.0657058
0.046243
0.0293398
0.0163531
0.0077605
0.00347787
0.00284044
0.00522373
0.0103806
0.0183589
0.0286411
0.0409002
0.0549226
0.0695636
0.0847415
0.100233
0.114849
0.126769
0.134506
0.135551
0.129292
0.116556
0.0990002
0.0791861
0.0593918
0.0412499
0.025825
0.0145935
0.00920131
0.0114133
0.0218428
0.0401485
0.0642632
0.091083
0.116262
0.135372
0.145677
0.145481
0.135124
0.117101
0.0944958
0.0703729
0.048157
0.0296189
0.0158135
0.00729593
0.00333337
0.00276233
0.00452765
0.00755892
0.0116806
0.0173036
0.024868
0.0344074
0.0461594
0.0591959
0.0723613
0.0841144
0.0938567
0.100324
0.101843
0.0977295
0.0883512
0.0743459
0.0572413
0.0400991
0.0250507
0.0137526
0.00744529
0.00677295
0.0121065
0.0238045
0.0417982
0.0657777
0.0942885
0.124133
0.151899
0.174044
0.185982
0.185773
0.175569
0.158726
0.137868
0.116049
0.0950676
0.0747884
0.0547097
0.0361407
0.0209728
0.0104365
0.00542754
0.00676731
0.0150299
0.0308194
0.0539862
0.0829333
0.114405
0.144878
0.170079
0.187151
0.193904
0.190399
0.177126
0.156202
0.130286
0.102882
0.0767945
0.0540319
0.0356467
0.0216505
0.0119596
0.00583082
0.00277969
0.00263777
0.00609092
0.013905
0.0270601
0.0454634
0.0678519
0.0908153
0.110637
0.12495
0.13193
0.130711
0.122142
0.107989
0.0893022
0.0686379
0.0482777
0.0307216
0.0173547
0.00855831
0.00352215
0.00147991
0.00136997
0.00285234
0.00616621
0.0119436
0.0202102
0.0311129
0.0438081
0.057565
0.0713472
0.0842308
0.0948791
0.101536
0.102687
0.0979007
0.0877998
0.0735114
0.0574227
0.0417161
0.0275666
0.016201
0.00899247
0.00760253
0.0134275
0.0272647
0.0481544
0.0735829
0.0994149
0.121095
0.134399
0.137429
0.13061
0.116445
0.0984925
0.0803954
0.0643403
0.0511997
0.0406529
0.0319032
0.0243704
0.0177201
0.0119322
0.00730515
0.00408802
0.00276668
0.0042689
0.00930954
0.0181798
0.0303627
0.045074
0.0603416
0.0750096
0.088008
0.0993768
0.108088
0.113158
0.113481
0.108885
0.0991781
0.0854379
0.0702466
0.0552201
0.0414312
0.029343
0.0194353
0.0116284
0.00626491
0.00381099
0.00490831
0.009771
0.018291
0.0296065
0.0422632
0.054379
0.0650979
0.0738854
0.0805432
0.0848802
0.0865119
0.08422
0.0769025
0.0650282
0.0500843
0.0345237
0.0206742
0.0108528
0.00618492
0.00718446
0.0135392
0.0241508
0.0360957
0.0464592
0.0527944
0.0535187
0.048811
0.0407132
0.0315227
0.0227596
0.0155279
0.0100254
0.0062433
0.00367628
0.00211725
0.00128006
0.00094049
0.000782044
0.000645697
0.000497868
0.000524314
0.00132768
0.00397368
0.00977511
0.0199779
0.0347954
0.0534873
0.0736213
0.0920461
0.105798
0.113147
0.112855
0.10483
0.0902727
0.0713615
0.0506942
0.0314623
0.0167851
0.00822383
0.00563949
0.00784759
0.0133954
0.0208801
0.0300221
0.0405116
0.0514184
0.0617664
0.070568
0.0775409
0.0823357
0.0856949
0.0875112
0.0874522
0.0839819
0.0771434
0.0670784
0.0547924
0.0417197
0.029423
0.0188253
0.0107615
0.00590125
0.00478579
0.00798119
0.0157123
0.0274255
0.0422236
0.0581012
0.0725763
0.082903
0.0874629
0.086159
0.0802174
0.0718456
0.0628994
0.054443
0.0462787
0.0384549
0.0307827
0.0235621
0.0171699
0.0118586
0.00767637
0.00455694
0.00279589
0.00291574
0.0058357
0.0123565
0.0230463
0.0379553
0.0561293
0.0758793
0.0951276
0.11229
0.125927
0.134656
0.137059
0.13247
0.121161
0.103487
0.0819691
0.0595785
0.0392753
0.0227634
0.0118479
0.00696793
0.00856859
0.0162755
0.0293844
0.046116
0.0651005
0.0844871
0.102344
0.117014
0.12735
0.132792
0.133055
0.129456
0.122394
0.112275
0.0987858
0.0827665
0.0644391
0.0458766
0.0292276
0.0162603
0.00775926
0.00408513
0.0047746
0.00952369
0.0176993
0.0288608
0.0417814
0.0560587
0.070615
0.0848533
0.0982077
0.110275
0.119212
0.123778
0.123942
0.119091
0.10988
0.0975271
0.0834953
0.0682975
0.0525692
0.0373945
0.0238245
0.0136133
0.00875357
0.0114827
0.0224875
0.0408576
0.0646781
0.0906672
0.114107
0.13252
0.145181
0.150303
0.14818
0.140747
0.128246
0.111944
0.0938671
0.0751607
0.0572243
0.0412206
0.0271094
0.0159436
0.00848454
0.0048433
0.00484899
0.00825913
0.0145706
0.0231749
0.0336407
0.0456091
0.0588982
0.0725447
0.0857175
0.0974685
0.106851
0.112354
0.112539
0.106803
0.0955104
0.0799312
0.0618034
0.0438774
0.0282017
0.0160603
0.00812914
0.00510931
0.00712412
0.0139681
0.0252173
0.0401349
0.0576135
0.076219
0.0939323
0.108556
0.117806
0.120593
0.116853
0.107823
0.0945384
0.0790994
0.0629891
0.0473707
0.0330833
0.0213655
0.0125278
0.00652493
0.00337198
0.00330182
0.00661136
0.0135328
0.0240242
0.0370068
0.0513363
0.066148
0.0796177
0.0906828
0.0983816
0.10146
0.0991099
0.0924096
0.0821303
0.0702759
0.0582691
0.0468042
0.0360491
0.0261734
0.0172104
0.0101141
0.00630221
0.00717325
0.0137534
0.025968
0.0425116
0.0611113
0.0793576
0.0953584
0.107681
0.115787
0.118302
0.114647
0.104477
0.0885092
0.0687982
0.0490963
0.0316493
0.0181482
0.00936627
0.00476725
0.00376137
0.00645881
0.0129513
0.0225134
0.0347006
0.0494758
0.0660417
0.0839973
0.102361
0.119661
0.132602
0.139077
0.137246
0.127507
0.111176
0.0909429
0.0697628
0.0498308
0.0328188
0.0193802
0.0102518
0.00589125
0.0072383
0.0148795
0.0290514
0.0486869
0.0718765
0.0957424
0.117854
0.136481
0.150282
0.157207
0.157942
0.151765
0.138841
0.120346
0.0991491
0.0768403
0.0555547
0.0367757
0.0218731
0.0115771
0.00574702
0.00477415
0.00874946
0.0171443
0.0291471
0.0442113
0.0608417
0.0770822
0.0926915
0.106956
0.11891
0.127821
0.132633
0.131574
0.124438
0.111486
0.0944829
0.0763803
0.0586538
0.042157
0.0281578
0.0171456
0.00953671
0.00725047
0.0123095
0.0251363
0.0457124
0.0727791
0.102174
0.128896
0.150417
0.163986
0.168096
0.162555
0.148955
0.128608
0.103766
0.0767765
0.0520649
0.0319941
0.0172378
0.00795888
0.0039266
0.00411361
0.00858083
0.0174811
0.0306243
0.0462793
0.0636765
0.0808297
0.0961393
0.108185
0.1168
0.120016
0.11748
0.109354
0.0967486
0.081563
0.0659107
0.0515868
0.0392005
0.0288307
0.019919
0.0125761
0.0074541
0.00635072
0.0113118
0.0239981
0.0446258
0.0722007
0.103606
0.13534
0.163379
0.183507
0.19336
0.192616
0.180635
0.158623
0.130767
0.100265
0.0703963
0.0446871
0.0252517
0.0123234
0.00547568
0.0033544
0.00423901
0.00689177
0.0102996
0.0138476
0.0175053
0.0219705
0.0275526
0.0346321
0.0433074
0.0536819
0.0651943
0.0763875
0.0855983
0.0916474
0.0930206
0.088898
0.079933
0.0669204
0.0515327
0.0357968
0.0218012
0.0120037
0.00919204
0.0148272
0.0289796
0.0500774
0.0754253
0.10009
0.119575
0.130674
0.130837
0.120812
0.103487
0.082036
0.0598414
0.0407602
0.0254741
0.0144422
0.00738658
0.00338387
0.0015063
0.00130921
0.00253616
0.00526261
0.00989334
0.0170424
0.0270338
0.0396005
0.0535623
0.0678609
0.0808391
0.0912253
0.0977667
0.0997122
0.0962676
0.0881283
0.0763437
0.0623215
0.0478977
0.0345682
0.0231252
0.0139464
0.0075619
0.00458952
0.00572038
0.0116284
0.0228396
0.0391588
0.0593319
0.0814134
0.102581
0.119764
0.130781
0.134306
0.130919
0.121738
0.1085
0.0926391
0.0755718
0.0583524
0.0420647
0.0278608
0.0165189
0.00865018
0.00400747
0.00239259
0.00315603
0.00602845
0.010739
0.0174936
0.0262909
0.0375321
0.0516248
0.0679662
0.0853139
0.102694
0.118498
0.130525
0.137103
0.137033
0.12969
0.115356
0.0955338
0.0729931
0.0508595
0.031617
0.01711
0.00865617
0.00692085
0.0116838
0.0223482
0.0372502
0.0540647
0.0697796
0.0820074
0.0885586
0.0891374
0.084259
0.0754917
0.0646651
0.0536254
0.0437017
0.0357349
0.0298625
0.0255412
0.0225329
0.0201767
0.0178912
0.0152705
0.0119662
0.00838357
0.00557702
0.00506861
0.00822809
0.0159706
0.0278948
0.0426316
0.05877
0.0741384
0.086457
0.0943473
0.0969433
0.0938669
0.0860453
0.0752663
0.0627224
0.0500231
0.0377848
0.0266049
0.0169562
0.00967369
0.00515801
0.0038808
0.00579376
0.0104212
0.0168081
0.0238046
0.0302547
0.0355796
0.0401982
0.0444085
0.0490497
0.054827
0.061641
0.0687164
0.0751021
0.0793412
0.0806222
0.078327
0.0714857
0.0609892
0.0480099
0.0341325
0.0213277
0.0115518
0.00526612
0.00262971
0.00305068
0.00602645
0.0112453
0.0187536
0.0283911
0.0398935
0.0523072
0.0651003
0.0768943
0.0863229
0.0920368
0.0933439
0.0898724
0.0820148
0.0711837
0.0590515
0.0472154
0.0364123
0.027338
0.0199007
0.0138737
0.00899629
0.00526646
0.00279322
0.00178598
0.0023488
0.00434473
0.007352
0.0108632
0.0146347
0.0184795
0.0225742
0.0270679
0.032098
0.0373011
0.0423382
0.0463823
0.0492557
0.0503999
0.0493103
0.0458477
0.0404364
0.0333797
0.0254804
0.0179452
0.0115109
0.00662218
0.00330455
0.00141523
0.000519462
0.000251923
0.000360234
0.000728633
0.0012939
0.00209228
0.00318326
0.00455194
0.00628138
0.00852518
0.0114015
0.0148971
0.0188111
0.0227684
0.0262998
0.028909
0.030304
0.0304241
0.0292052
0.0266553
0.0229763
0.0186104
0.0140181
0.0097495
0.00624348
0.00374311
0.00207879
0.00105924
0.000494922
0.000279874
0.000296347
0.000561508
0.00108765
0.00187462
0.00286307
0.00402072
0.00527677
0.00657334
0.00794365
0.0094627
0.0113098
0.0134557
0.0157812
0.0179912
0.0199743
0.0214112
0.0221728
0.0222021
0.0214686
0.0198224
0.017371
0.0143781
0.0111094
0.00800539
0.00535339
0.00331941
0.00186165
0.000949244
0.000444712
0.000331749
0.000564946
0.00121119
0.00227758
0.00382371
0.00577754
0.00797354
0.0101725
0.0121621
0.0137318
0.0146516
0.0149918
0.0148925
0.0144926
0.0138914
0.0134073
0.013113
0.012984
0.0129482
0.0128527
0.0126089
0.0120341
0.0109652
0.00943677
0.00761505
0.0055761
0.00360728
0.00203776
0.00103767
0.000645291
0.000815061
0.00139221
0.00218638
0.0030229
0.00382204
0.00446834
0.00486775
0.00501067
0.00493694
0.00469543
0.00436461
0.00406309
0.00392745
0.00405157
0.00448942
0.00533861
0.00665113
0.00834855
0.0102598
0.0120999
0.0137091
0.0147426
0.0149281
0.0141894
0.0126639
0.0104493
0.00791002
0.00543383
0.00333852
0.00179139
0.000806865
0.000306756
0.000154805
0.00018685
0.000305074
0.000439277
0.000556716
0.000642732
0.000708709
0.000759923
0.00083435
0.000947077
0.00111594
0.0013416
0.00160238
0.00189604
0.0022567
0.00275125
0.00345202
0.0044445
0.00576754
0.00738618
0.0092451
0.0110886
0.0126696
0.0137868
0.0142028
0.0136669
0.0122501
0.0101737
0.00773885
0.00532226
0.00325008
0.00174718
0.000822144
0.000345183
0.000173575
0.000201357
0.000301002
0.000414343
0.000521675
0.000640856
0.000764682
0.00087708
0.000958015
0.0010031
0.00101239
0.00102582
0.00111375
0.00134458
0.00175022
0.00235132
0.00315714
0.00410544
0.00509008
0.00604334
0.0068388
0.00727587
0.00724532
0.00678113
0.00600108
0.00503803
0.00407539
0.00329705
0.00276695
0.00240429
0.0021524
0.00198931
0.00184092
0.00163995
0.00136387
0.0010288
0.000687602
0.000403781
0.000249001
0.000269586
0.000476864
0.000790505
0.00113389
0.00142145
0.00158807
0.00161031
0.0015238
0.00136255
0.00120603
0.00113873
0.00123365
0.00157636
0.00220172
0.00315879
0.00447816
0.00601119
0.00760732
0.00901845
0.00988316
0.00999314
0.00929599
0.00793413
0.00620809
0.00446016
0.00289285
0.00172325
0.000919416
0.000416455
0.000150621
5.16249e-05
4.36024e-05
8.36191e-05
0.000148635
0.00023885
0.000351983
0.000476735
0.000613376
0.00073471
0.000877055
0.0010479
0.00125544
0.00155142
0.00196863
0.00250187
0.00313144
0.0037885
0.00434533
0.00468773
0.00465631
0.00426317
0.0035929
0.00277397
0.00196561
0.00131215
0.000840672
0.000555009
0.00040293
0.000358348
0.000430486
0.000600922
0.000827356
0.00106122
0.00124821
0.00131712
0.00123752
0.00104163
0.000778444
0.000503922
0.000278781
0.000149788
0.000110266
0.00016248
0.000289845
0.000481633
0.000691063
0.000901232
0.00106076
0.00117924
0.00124472
0.00131045
0.00142805
0.00166231
0.0020295
0.00254249
0.00321112
0.00402457
0.00489677
0.00570737
0.00631993
0.00660785
0.00647763
0.00594766
0.00510872
0.00409284
0.00303367
0.0020622
0.00126711
0.000677382
0.000311499
0.000136536
9.38718e-05
0.000138265
0.000246636
0.00039367
0.000559613
0.00074035
0.000875128
0.000959283
0.000994756
0.00100419
0.000992973
0.00103514
0.0011283
0.00130077
0.00156027
0.00191306
0.00236046
0.00285728
0.00331438
0.00366743
0.00384068
0.00378976
0.00353833
0.00312866
0.00261379
0.00209559
0.00162664
0.00122311
0.000918556
0.000697188
0.000526467
0.000385099
0.000275025
0.000180955
0.000110457
6.05535e-05
3.27449e-05
2.35926e-05
3.21061e-05
5.45861e-05
8.23109e-05
0.000115227
0.000155348
0.000198815
0.000252531
0.000321227
0.000415489
0.000527009
0.000680159
0.000899214
0.00122546
0.00169533
0.00234698
0.00322108
0.00429608
0.00555173
0.00690625
0.00824085
0.00921053
0.00960104
0.00924972
0.00814171
0.00647695
0.00462195
0.00291312
0.00158575
0.000751582
0.00031924
0.00018124
0.000187099
0.000218695
0.000216776
0.000170524
0.000108271
5.02078e-05
2.15183e-05
2.20304e-05
4.91287e-05
0.000130749
0.000304484
0.00063605
0.00121967
0.00208828
0.00329432
0.00482251
0.00653573
0.00829138
0.00990475
0.0109516
0.0112325
0.010676
0.00928501
0.00732136
0.00523238
0.00332743
0.00184326
0.000884094
0.000346485
0.000109255
3.24657e-05
2.88738e-05
5.98138e-05
0.000125053
0.000242191
0.000385847
0.00052236
0.000607306
0.000604012
0.000503662
0.000359658
0.000226455
0.000160074
0.000203865
0.000394508
0.000708681
0.00109169
0.00151318
0.00191812
0.00225182
0.0025471
0.00292307
0.00340979
0.00412951
0.00513336
0.00638688
0.00777136
0.00921252
0.010495
0.0114464
0.0118394
0.0114963
0.0103676
0.00859427
0.00644617
0.00429156
0.00248785
0.00124484
0.00061708
0.000512661
0.000767967
0.00122168
0.00170283
0.00209652
0.00238418
0.0025468
0.00257418
0.00249102
0.00234215
0.00211716
0.00190789
0.00177227
0.00179015
0.00202566
0.00248335
0.00313722
0.00393214
0.00480967
0.00561682
0.00626257
0.00656498
0.00643174
0.00580824
0.00479327
0.00355295
0.00234074
0.00133479
0.000639792
0.000262828
0.000122019
0.000107583
0.000154514
0.000200265
0.000220271
0.000212941
0.00019397
0.000156442
0.000112412
7.46789e-05
4.43879e-05
2.23309e-05
8.72963e-06
3.49104e-06
1.91074e-06
4.4494e-06
1.65885e-05
4.51772e-05
0.00011568
0.00022878
0.00038366
0.000570309
0.000825022
0.00114043
0.00157377
0.0021768
0.00304516
0.00422958
0.00573189
0.00757024
0.00958619
0.0115953
0.0131303
0.0138528
0.0135359
0.0122677
0.0101778
0.0077309
0.00539554
0.00342487
0.00193879
0.000952945
0.000397228
0.000125402
3.59863e-05
2.88644e-05
6.57207e-05
0.000146587
0.000323461
0.000606438
0.00101412
0.00155437
0.00227579
0.00315746
0.00425608
0.00555964
0.00707122
0.00872932
0.0103744
0.0119409
0.0132514
0.0141101
0.0142334
0.0135087
0.0118846
0.00962529
0.0070479
0.00458214
0.00261347
0.00128577
0.000544421
0.000232927
0.000162233
0.000165187
0.000162626
0.000130775
8.65912e-05
5.93324e-05
5.76145e-05
6.47261e-05
6.27848e-05
4.90064e-05
4.5437e-05
8.25314e-05
0.000176676
0.000344059
0.00056656
0.00082409
0.00107327
0.00129583
0.00145108
0.00152309
0.00150153
0.00142068
0.00126679
0.0010634
0.000846659
0.000647713
0.000467215
0.000341918
0.000295852
0.000352418
0.000528725
0.000838256
0.00126955
0.00183838
0.00248719
0.00305809
0.00346363
0.00359375
0.00336419
0.00279861
0.00207089
0.00132624
0.00072121
0.000351172
0.000241867
0.000335701
0.000549947
0.000813093
0.00103119
0.00115095
0.00116168
0.00108434
0.000926128
0.000723408
0.000524198
0.000356218
0.00021378
0.000111142
7.37756e-05
0.000107704
0.000243704
0.000514789
0.000947957
0.00158498
0.00241487
0.00330362
0.00410275
0.00464084
0.00475581
0.00442632
0.00374533
0.002876
0.00200465
0.00126752
0.000712066
0.000358841
0.000152966
4.80067e-05
1.04075e-05
2.23007e-06
4.36116e-06
1.14752e-05
2.21611e-05
3.876e-05
4.99796e-05
5.28111e-05
4.56651e-05
4.62533e-05
9.07152e-05
0.000232186
0.000503635
0.000926248
0.00146126
0.0020847
0.00275191
0.00351886
0.00434373
0.00529216
0.00632851
0.00747367
0.00856601
0.0096388
0.0105227
0.0111057
0.0111978
0.0107055
0.00960228
0.00805409
0.00624798
0.0044665
0.00296814
0.00182277
0.00103767
0.000575364
0.000330561
0.000207065
0.000144869
9.96795e-05
8.63715e-05
0.000150479
0.000357492
0.000765668
0.001405
0.00226091
0.00331566
0.00461728
0.00614451
0.00791425
0.00986123
0.0119362
0.0138642
0.015515
0.0165978
0.0169946
0.0165418
0.0152461
0.0132124
0.0107382
0.0081388
0.00573265
0.00379112
0.00236427
0.00146855
0.000979068
0.000770519
0.000732721
0.000794068
0.000851249
0.000857906
0.000782091
0.000626618
0.000431995
0.000268293
0.000205941
0.00031268
0.000641796
0.00117527
0.00187789
0.00270075
0.00356197
0.00439894
0.0052232
0.00606954
0.00705682
0.0083062
0.00980317
0.0114884
0.0130976
0.0143685
0.0150993
0.015256
0.0147366
0.0137709
0.0124525
0.0108327
0.00902296
0.00722965
0.00555641
0.00409974
0.00297494
0.00214289
0.00155861
0.00109361
0.000725255
0.00044037
0.000259381
0.000178236
0.000222748
0.000349066
0.000505814
0.000667009
0.000833077
0.00103829
0.00136141
0.00188283
0.00263256
0.00361285
0.00467875
0.00569756
0.0065144
0.00706937
0.00727841
0.00721835
0.0069409
0.0064931
0.00588294
0.00521115
0.00457188
0.00400097
0.00357008
0.00325874
0.00303253
0.00274136
0.00235145
0.00186249
0.00134445
0.000838118
0.000444302
0.000200445
8.14696e-05
5.21199e-05
7.53061e-05
0.000124014
0.000180062
0.000236567
0.000280599
0.000325852
0.000397031
0.000516054
0.00073267
0.00113172
0.00178542
0.00281179
0.00431008
0.00630203
0.0087067
0.011198
0.0133185
0.0146566
0.0149127
0.0139541
0.0120567
0.00960607
0.00705344
0.00476215
0.00297353
0.00173485
0.00102301
0.00072939
0.000732193
0.000949389
0.00127532
0.00165941
0.00195095
0.00209541
0.00205677
0.00180276
0.00135394
0.000898849
0.000634936
0.000777752
0.00156544
0.00318186
0.00560596
0.00868134
0.0122032
0.0155426
0.0180303
0.0192274
0.0189071
0.0170424
0.0141764
0.010945
0.00789971
0.00538949
0.00356174
0.00239471
0.00181973
0.00176238
0.00213956
0.00288443
0.00386945
0.00495852
0.0058711
0.00644704
0.00652062
0.00610726
0.00520722
0.00402396
0.00277508
0.00168376
0.000874155
0.000450725
0.000408185
0.00062355
0.00102822
0.001533
0.00207993
0.00267889
0.00338122
0.00422138
0.00522779
0.00644818
0.00779155
0.0091811
0.0103202
0.0109799
0.0110443
0.0104908
0.00933619
0.00780987
0.00617821
0.00459288
0.00320829
0.00210981
0.0013378
0.000850959
0.000574763
0.000441591
0.000400596
0.000422584
0.000498265
0.000620946
0.000795517
0.0010335
0.00127292
0.00144964
0.00150605
0.00139651
0.00112963
0.000782005
0.000491208
0.000421921
0.000674105
0.00124934
0.00204105
0.00289597
0.00362983
0.00409909
0.00425399
0.00412472
0.00381007
0.00339689
0.00302209
0.00275252
0.002668
0.0027114
0.00288284
0.00310261
0.00329391
0.00342711
0.00349528
0.00344001
0.00328803
0.00304136
0.00268922
0.0022752
0.00185419
0.00144213
0.00109232
0.000787228
0.000517594
0.000334546
0.000336656
0.000651683
0.00146544
0.00291325
0.00508148
0.00781614
0.0108864
0.0138361
0.0162086
0.0176161
0.0179635
0.0172689
0.0157998
0.0139024
0.0119139
0.0100964
0.00860511
0.00751302
0.00678459
0.00627025
0.0057855
0.00517936
0.00438772
0.00341642
0.00239767
0.00147292
0.000792059
0.000471042
0.000652044
0.00142085
0.00291429
0.00522065
0.00837372
0.0121601
0.0163824
0.0205934
0.0241976
0.0266407
0.0276182
0.0269215
0.0247045
0.0214782
0.0178066
0.0142335
0.0112073
0.00895462
0.00753666
0.00688775
0.00686307
0.00725844
0.00779247
0.00820995
0.00832726
0.00795348
0.00703186
0.00569101
0.00413461
0.00260677
0.00144215
0.000842564
0.000879375
0.00151625
0.00265701
0.00414096
0.00587852
0.00783741
0.00990039
0.011953
0.0139381
0.0156384
0.016952
0.0179385
0.0184785
0.0184253
0.0178015
0.0165215
0.0145867
0.0122017
0.00964467
0.00718314
0.00503234
0.00326746
0.00196168
0.0010762
0.00051042
0.000210233
9.93652e-05
9.79554e-05
0.000174715
0.000290599
0.000408616
0.000535576
0.000666917
0.000846045
0.00115709
0.00169524
0.00257237
0.00385121
0.00547899
0.00735749
0.00934102
0.0112817
0.0129211
0.0140093
0.014362
0.013946
0.0127277
0.0109234
0.00887513
0.00685492
0.00506911
0.0036021
0.00250171
0.00169127
0.00113318
0.000728955
0.0004678
0.000282248
0.000158636
8.2139e-05
6.38343e-05
0.000115204
0.000253505
0.000503382
0.0008504
0.00128011
0.00184604
0.00258213
0.00351831
0.00477714
0.00638515
0.00825452
0.0102445
0.0121713
0.0138888
0.0151607
0.0157268
0.0154377
0.0142808
0.0122815
0.00976412
0.00713268
0.00476271
0.00288563
0.00157646
0.000759183
0.00031968
0.000126333
8.50959e-05
0.000128086
0.000233436
0.000405601
0.000646853
0.000977911
0.00138754
0.00186052
0.00243295
0.00317363
0.00423443
0.00574844
0.00783166
0.0104944
0.0135767
0.0166905
0.0195961
0.0216525
0.0223353
0.0213398
0.0187169
0.0148054
0.0104319
0.00638232
0.00329685
0.00145323
0.000636542
0.000495809
0.00064005
0.000759376
0.00072428
0.000568254
0.00036477
0.000181077
7.16245e-05
4.01294e-05
3.51576e-05
3.81641e-05
5.81501e-05
0.00013864
0.000373291
0.000795578
0.00141471
0.00224923
0.0032139
0.00414452
0.00494361
0.00548308
0.0057251
0.00573084
0.00562263
0.00555439
0.00568933
0.00601509
0.00643198
0.00687113
0.00717884
0.00720955
0.00688535
0.00623987
0.00529809
0.00415656
0.00294503
0.00185854
0.00102166
0.000478698
0.000219629
0.000188768
0.000273592
0.000405908
0.00056256
0.000722688
0.000885291
0.00106489
0.00120851
0.00131298
0.0013508
0.00135566
0.00136135
0.00146849
0.00174669
0.00235776
0.00337579
0.00479951
0.00647314
0.00814748
0.00961193
0.0105509
0.0107281
0.0101439
0.00892836
0.00722722
0.00534487
0.00359002
0.00216247
0.00116044
0.000530862
0.000207411
7.5419e-05
3.16492e-05
1.35953e-05
1.4932e-05
3.49918e-05
0.00010192
0.000227807
0.000472358
0.000822014
0.00130131
0.00186939
0.00248988
0.00307993
0.00367674
0.00432447
0.00508692
0.00611688
0.00742074
0.00909483
0.01102
0.0130942
0.0149797
0.0165906
0.0175071
0.0175073
0.0164871
0.0145587
0.0119591
0.00905056
0.0062655
0.00390807
0.00219776
0.0010489
0.000415438
0.000127702
3.75246e-05
2.58378e-05
5.85092e-05
0.000122291
0.000242118
0.000440279
0.000764534
0.00123877
0.0019907
0.00314374
0.00482769
0.00718228
0.0102361
0.0139317
0.0179885
0.0221305
0.0257136
0.0284251
0.029584
0.0289957
0.02665
0.0229641
0.0183493
0.0136438
0.00936832
0.0058731
0.00336168
0.00173511
0.000799251
0.00036421
0.000219964
0.000201341
0.000229145
0.000247133
0.000244888
0.00021162
0.000152281
0.00010689
0.000147473
0.000326848
0.00070998
0.00132527
0.0021422
0.00310727
0.00415223
0.00518018
0.00611108
0.00691355
0.00752227
0.00799945
0.00842474
0.00893164
0.00959571
0.0105186
0.0115511
0.012609
0.0134165
0.0138381
0.0136872
0.0129829
0.0116754
0.00993698
0.00787669
0.00575365
0.00379168
0.00220436
0.00108468
0.000455839
0.00021367
0.00021133
0.000322956
0.0004611
0.000564158
0.000606703
0.000595758
0.00054187
0.00046339
0.000389078
0.000352287
0.000389176
0.000533796
0.00086559
0.00150451
0.00255092
0.00405853
0.00598943
0.00816755
0.010348
0.0121688
0.0134015
0.013846
0.0135283
0.0124384
0.0108985
0.00905753
0.00723387
0.0055482
0.00421306
0.0031891
0.00248289
0.00198662
0.00162595
0.00133584
0.00108184
0.000848613
0.000618625
0.000421097
0.000258192
0.000152189
0.000139258
0.000260806
0.000536536
0.00100328
0.00171135
0.00269522
0.00404899
0.0059607
0.00854976
0.0116983
0.0153814
0.0192984
0.0231209
0.0263369
0.0287341
0.0298437
0.0294522
0.0273545
0.0239985
0.0198121
0.015357
0.011234
0.00789963
0.00536893
0.00354675
0.00232875
0.00153186
0.00101663
0.000657018
0.000394382
0.000237361
0.000218705
0.000412275
0.000904904
0.00183446
0.00326805
0.00544759
0.00858206
0.0127735
0.0177743
0.0234177
0.0289781
0.0337851
0.0371754
0.0386094
0.0377455
0.0344853
0.0292543
0.0228662
0.0163689
0.0104817
0.00599343
0.00303183
0.00132039
0.000452944
0.000112428
4.21537e-05
9.15265e-05
0.00019036
0.000311898
0.000422377
0.000464417
0.000421799
0.000322647
0.00023995
0.000295373
0.000658597
0.00142183
0.00256536
0.00401328
0.0055576
0.00693602
0.00802262
0.00876966
0.00918222
0.00942366
0.00953813
0.0095979
0.00962341
0.00960769
0.00946962
0.00920971
0.00871839
0.00797015
0.00695715
0.00568965
0.00435685
0.00307132
0.00195746
0.00109647
0.000548402
0.000228364
9.07531e-05
6.34494e-05
9.89399e-05
0.000156225
0.000224952
0.000292892
0.000355343
0.000399264
0.000412502
0.000390787
0.000365823
0.000354384
0.000398129
0.000581593
0.00096818
0.00166132
0.00270296
0.00405593
0.00565547
0.00735788
0.00882616
0.00981327
0.010114
0.00962403
0.00849316
0.0069821
0.0053755
0.00395925
0.00290051
0.00216389
0.00174127
0.00153166
0.00144198
0.0013923
0.0013255
0.00120124
0.00100292
0.000756665
0.000503885
0.000304575
0.000219772
0.000325123
0.000653411
0.00117556
0.0018613
0.00271363
0.00371683
0.00492014
0.00646641
0.00852403
0.0110717
0.0139678
0.0169469
0.0196633
0.0217339
0.0228894
0.0229484
0.021887
0.0199035
0.0171466
0.013943
0.0107194
0.00786405
0.00549433
0.00378141
0.00265172
0.00199144
0.00158541
0.00129224
0.000985989
0.000685256
0.00045039
0.000425265
0.000711328
0.00143266
0.00264476
0.00435749
0.00661004
0.00946409
0.0128708
0.016703
0.0206325
0.0241622
0.02686
0.0282934
0.028216
0.0265943
0.0235891
0.0196455
0.0152859
0.0109877
0.00725708
0.00444715
0.00251604
0.00136512
0.000823635
0.000697929
0.000812299
0.0010318
0.00126712
0.00143041
0.00144046
0.00126516
0.000970155
0.000634288
0.000383889
0.000333313
0.000552742
0.00102834
0.001681
0.00242438
0.00309632
0.00363278
0.00402284
0.00433574
0.00461005
0.00496452
0.00544873
0.00607462
0.00687545
0.00771745
0.00852382
0.00912423
0.00938627
0.00910469
0.00838293
0.00724636
0.00587291
0.00441637
0.00311384
0.00203685
0.00124581
0.000714851
0.000421325
0.00027001
0.000195439
0.000153955
0.000142725
0.000152823
0.000171659
0.000197293
0.000234749
0.000264626
0.00025875
0.000218127
0.000167367
0.000156425
0.000283797
0.000639275
0.00132957
0.00234638
0.00363733
0.00495693
0.00611725
0.006893
0.00717387
0.00692347
0.00630325
0.00546063
0.00458418
0.00381102
0.00324088
0.00288758
0.00274297
0.00274428
0.00282386
0.0028844
0.00290075
0.00283846
0.00263519
0.00231346
0.00190964
0.00145258
0.000980349
0.000585845
0.000306592
0.000163946
0.000159925
0.000295771
0.000613799
0.0011859
0.00216953
0.00363743
0.00567669
0.00822
0.0110455
0.0137635
0.0160972
0.017637
0.0181207
0.0174617
0.0157432
0.0132531
0.010443
0.00771376
0.00540184
0.00372469
0.00264924
0.00206324
0.00182267
0.00178342
0.00181235
0.00179357
0.0016588
0.00138958
0.00103228
0.000662958
0.000380795
0.000304877
0.000607174
0.0014312
0.002983
0.00539938
0.00874472
0.0127373
0.0170557
0.0210004
0.0240889
0.0255513
0.0252662
0.0232721
0.0199473
0.0157611
0.0116023
0.00790598
0.00495563
0.00293683
0.00172996
0.00112918
0.000968238
0.00108742
0.00138447
0.0017745
0.00209621
0.00228031
0.0022693
0.00203205
0.00160482
0.00110861
0.000672184
0.000409809
0.000410554
0.000706071
0.00126891
0.0019866
0.0027595
0.00345617
0.00401008
0.00440468
0.00472058
0.00505297
0.00549626
0.00612876
0.00694846
0.0078203
0.00853846
0.00889922
0.00874721
0.00805009
0.00685312
0.00532641
0.00375463
0.00235453
0.00126393
0.000586433
0.000291677
0.000254516
0.000332914
0.000420243
0.000443038
0.000395737
0.000302954
0.000200835
0.000112151
5.63535e-05
3.91089e-05
5.70259e-05
8.98202e-05
0.000110671
0.000108086
9.53486e-05
0.000109222
0.00022298
0.000501259
0.00095332
0.00151775
0.00209434
0.00252606
0.00270413
0.00259489
0.00222467
0.0016939
0.00114579
0.000677463
0.00033353
0.000141747
6.57191e-05
6.73366e-05
0.000117213
0.000201781
0.000315507
0.000460296
0.000613675
0.00075655
0.000884017
0.000972495
0.00102394
0.00102911
0.00100323
0.00093378
0.000842062
0.000718405
0.000590336
0.00046692
0.000366602
0.000291714
0.000234523
0.00019651
0.000167757
0.000141171
0.000116175
9.49247e-05
6.8141e-05
6.33813e-05
0.000159262
0.000490348
0.00118163
0.00239969
0.0042087
0.00655905
0.00929186
0.0121655
0.0146973
0.0165016
0.0173126
0.0168701
0.015253
0.0127639
0.00984273
0.00685612
0.00429978
0.00235011
0.00109264
0.000399898
0.000143414
9.43611e-05
0.000110415
0.000116147
9.77466e-05
6.9234e-05
4.97612e-05
4.55389e-05
4.66035e-05
4.63693e-05
6.82384e-05
0.000196574
0.000564562
0.00135845
0.00273074
0.00474255
0.00731027
0.0100221
0.0124204
0.0140686
0.0146958
0.0140874
0.0125803
0.0104231
0.00800774
0.0055738
0.00352342
0.0019351
0.000892377
0.000298281
8.85788e-05
6.38069e-05
0.000100128
0.000136689
0.000155111
0.000147535
0.000129568
9.43462e-05
5.89309e-05
3.4649e-05
3.52528e-05
5.88417e-05
0.000109666
0.000191766
0.000315552
0.00046891
0.000637801
0.000748712
0.000801404
0.000773598
0.000680047
0.000534132
0.00042064
0.000327922
0.00026806
0.000223853
0.000186541
0.000154124
0.000133555
0.000130575
0.000137496
0.000157683
0.000160554
0.000156449
0.000140835
0.000137104
0.000143531
0.000174562
0.000213582
0.000238674
0.000234674
0.000197732
0.000143785
9.4624e-05
9.97088e-05
0.000196412
0.000400457
0.000695404
0.00106031
0.0014204
0.00170832
0.00189298
0.00194428
0.00185132
0.00164171
0.00137884
0.00107957
0.000788853
0.000532871
0.000342956
0.000195157
9.92043e-05
4.36451e-05
1.69907e-05
3.61422e-06
4.85253e-07
2.62135e-07
2.12953e-07
1.86603e-07
1.68892e-06
3.74254e-06
1.09774e-05
2.69617e-05
5.17564e-05
8.67053e-05
0.000138608
0.000183749
0.000234744
0.000284439
0.000320219
0.000329526
0.000334714
0.000308948
0.000262817
0.000206513
0.000153197
0.000100893
6.00334e-05
3.26822e-05
2.38591e-05
2.5891e-05
4.31352e-05
7.26653e-05
0.000110152
0.000150998
0.000199291
0.000246548
0.000292913
0.000338402
0.000377304
0.000389419
0.000379819
0.000344642
0.000284559
0.000208531
0.000138523
7.88487e-05
4.33346e-05
3.74405e-05
5.65189e-05
8.86609e-05
0.00012537
0.000158859
0.000177485
0.000179899
0.00016939
0.000144171
0.000113309
7.97786e-05
4.85225e-05
2.45788e-05
1.29986e-05
8.71877e-06
1.27879e-05
2.42033e-05
3.86531e-05
5.40689e-05
6.72132e-05
7.45388e-05
7.21384e-05
6.30718e-05
5.14609e-05
3.72092e-05
2.53334e-05
1.67264e-05
1.27442e-05
9.6608e-06
8.13968e-06
8.68008e-06
1.31731e-05
1.70977e-05
2.21196e-05
2.65462e-05
2.7208e-05
2.39002e-05
2.01418e-05
1.44042e-05
8.93362e-06
5.10528e-06
3.05271e-06
2.99947e-06
4.11421e-06
8.9419e-06
1.52112e-05
2.45432e-05
3.70699e-05
5.03092e-05
6.18043e-05
7.23732e-05
8.02837e-05
7.82331e-05
7.63642e-05
6.87774e-05
5.95881e-05
4.69309e-05
3.86223e-05
2.73784e-05
1.92244e-05
1.19577e-05
7.14509e-06
3.81835e-06
2.17626e-06
1.48051e-06
1.92414e-06
3.25651e-06
5.92406e-06
8.65391e-06
1.17653e-05
1.46715e-05
1.79389e-05
2.05562e-05
2.20155e-05
2.46733e-05
2.78802e-05
3.39398e-05
4.2398e-05
5.57959e-05
6.81996e-05
7.98889e-05
8.97087e-05
9.61924e-05
0.000100857
0.000100543
9.42558e-05
7.94407e-05
6.34846e-05
4.36049e-05
2.76452e-05
1.66683e-05
1.12513e-05
6.63112e-06
4.66125e-06
4.53337e-06
6.81627e-06
1.06179e-05
1.74952e-05
2.58147e-05
3.55599e-05
4.70367e-05
6.20904e-05
7.44531e-05
7.99817e-05
8.09557e-05
7.65375e-05
6.67628e-05
5.55054e-05
4.96623e-05
4.3456e-05
3.78701e-05
2.96407e-05
2.26488e-05
1.51034e-05
8.92393e-06
3.72908e-06
2.91139e-06
2.77109e-06
4.52708e-06
5.82298e-06
8.03137e-06
8.74023e-06
1.0207e-05
1.04398e-05
1.26131e-05
1.4166e-05
1.57388e-05
1.82556e-05
2.12363e-05
2.67578e-05
3.4378e-05
4.65547e-05
5.70868e-05
6.64468e-05
7.09843e-05
6.92789e-05
5.94064e-05
4.61481e-05
3.23153e-05
1.86226e-05
8.94609e-06
5.48191e-06
7.12735e-06
1.30794e-05
2.28807e-05
3.31526e-05
4.14977e-05
4.8344e-05
5.81772e-05
6.01349e-05
6.30298e-05
6.41034e-05
6.49727e-05
5.67721e-05
5.60999e-05
5.29038e-05
4.96025e-05
4.71036e-05
4.28382e-05
3.74711e-05
3.11725e-05
2.60208e-05
1.83278e-05
1.41138e-05
8.42448e-06
5.94748e-06
5.88354e-06
1.07483e-05
1.39928e-05
1.73037e-05
1.86721e-05
1.92507e-05
1.64492e-05
1.73018e-05
1.74386e-05
1.74711e-05
1.55625e-05
1.27393e-05
1.03202e-05
9.50991e-06
9.16145e-06
1.10663e-05
1.44298e-05
1.58181e-05
1.77373e-05
2.09087e-05
2.4076e-05
2.95531e-05
3.17509e-05
3.19305e-05
3.02676e-05
2.52383e-05
1.615e-05
1.04622e-05
7.03006e-06
5.81326e-06
9.69134e-06
1.68155e-05
1.89466e-05
1.82129e-05
1.58136e-05
1.04804e-05
3.03215e-06
1.0154e-06
7.42368e-07
9.88942e-07
1.83499e-06
3.14188e-06
3.52747e-06
3.33399e-06
3.30783e-06
2.63612e-06
1.37082e-06
8.08248e-07
5.98177e-07
2.98051e-07
3.38301e-07
1.44758e-06
3.33049e-06
6.6509e-06
1.09296e-05
1.3599e-05
1.34633e-05
1.1933e-05
8.68826e-06
4.3481e-06
2.17559e-06
2.64752e-06
2.57415e-06
2.52724e-06
2.58014e-06
2.70233e-06
3.5082e-06
6.69775e-06
9.48751e-06
1.23257e-05
1.67685e-05
2.12662e-05
2.32404e-05
2.45921e-05
2.52428e-05
2.21989e-05
1.62876e-05
1.08554e-05
6.70988e-06
3.25432e-06
1.79381e-06
2.90496e-06
6.32391e-06
1.40579e-05
2.74474e-05
4.15489e-05
5.19461e-05
5.83887e-05
6.07337e-05
5.53371e-05
4.53566e-05
3.72496e-05
3.14894e-05
2.46072e-05
1.83706e-05
1.49989e-05
1.19924e-05
8.71704e-06
5.56617e-06
3.72916e-06
2.20685e-06
9.20306e-07
1.16955e-07
4.74276e-07
1.24942e-06
2.74752e-06
4.29848e-06
7.26614e-06
9.10128e-06
1.15737e-05
1.42954e-05
1.66538e-05
1.71351e-05
1.88908e-05
2.0798e-05
2.16044e-05
2.35559e-05
2.47063e-05
2.46507e-05
2.25961e-05
1.99921e-05
1.79156e-05
1.66729e-05
1.51525e-05
1.39711e-05
1.20585e-05
8.37521e-06
5.72343e-06
4.56298e-06
6.03972e-06
1.14282e-05
1.89357e-05
2.56359e-05
3.10593e-05
3.52324e-05
3.64876e-05
3.34926e-05
3.04707e-05
2.8126e-05
2.39583e-05
1.94556e-05
1.56792e-05
1.17674e-05
7.84483e-06
4.54137e-06
1.89254e-06
1.17531e-06
1.03864e-06
9.9198e-07
1.11528e-06
1.71193e-06
1.66271e-06
1.29474e-06
9.15788e-07
1.07266e-06
1.03564e-06
1.21338e-06
1.52448e-06
1.66886e-06
1.32387e-06
8.93425e-07
8.27715e-07
5.51918e-07
3.94862e-07
7.51713e-07
1.74092e-06
2.03199e-06
2.78189e-06
3.83501e-06
4.21817e-06
4.27725e-06
4.40127e-06
3.78194e-06
2.74217e-06
2.12439e-06
1.61851e-06
2.12137e-06
3.53313e-06
4.3581e-06
4.53991e-06
4.48655e-06
3.53398e-06
1.96002e-06
1.1258e-06
8.12225e-07
4.34922e-07
8.84633e-07
1.80772e-06
2.38942e-06
3.25844e-06
5.26954e-06
8.33609e-06
1.04486e-05
1.31839e-05
1.43579e-05
1.33894e-05
1.14147e-05
9.37205e-06
6.93678e-06
5.55429e-06
4.39398e-06
2.72383e-06
1.74512e-06
9.828e-07
8.42794e-07
1.73251e-06
2.62716e-06
4.00429e-06
4.54083e-06
4.29981e-06
3.72939e-06
3.43248e-06
2.49132e-06
1.86454e-06
1.56592e-06
1.12822e-06
5.04402e-07
1.01675e-07
2.04222e-07
4.6696e-07
1.41932e-06
2.71517e-06
4.18079e-06
5.17734e-06
6.78121e-06
7.98912e-06
8.31979e-06
7.55689e-06
7.08285e-06
5.56211e-06
3.52465e-06
1.91544e-06
1.17081e-06
5.21348e-07
1.77336e-07
1.71207e-07
6.91873e-07
1.82426e-06
2.37168e-06
2.66599e-06
2.8494e-06
2.58221e-06
1.92663e-06
1.47925e-06
1.27646e-06
1.01237e-06
9.44287e-07
4.74734e-07
3.66657e-07
3.56047e-07
3.22965e-07
3.06189e-07
4.21741e-07
1.02012e-06
1.04094e-06
1.08536e-06
9.08619e-07
9.39551e-07
4.33895e-07
3.89989e-07
3.35988e-07
3.52787e-07
1.96589e-07
1.77348e-07
1.40737e-07
4.74069e-07
1.18254e-06
2.37414e-06
2.80915e-06
3.31341e-06
3.01724e-06
2.37648e-06
1.19903e-06
6.93837e-07
1.62609e-07
1.54664e-07
1.6018e-07
1.40636e-07
1.53497e-07
3.13339e-07
7.391e-07
2.7428e-06
5.06605e-06
7.45556e-06
8.83887e-06
9.83479e-06
8.47455e-06
7.26158e-06
5.45905e-06
4.18251e-06
3.01577e-06
2.27437e-06
1.1741e-06
8.25276e-07
9.14783e-07
1.24364e-06
1.69693e-06
2.17087e-06
1.95782e-06
1.60417e-06
1.00174e-06
8.18007e-07
5.66231e-07
8.35169e-07
1.83669e-06
3.57164e-06
3.63555e-06
4.1736e-06
4.0075e-06
3.09505e-06
1.45744e-06
1.20511e-06
4.55756e-07
4.34033e-07
6.52181e-07
1.25277e-06
1.47396e-06
2.45533e-06
2.82219e-06
2.99508e-06
3.49374e-06
3.40806e-06
2.83883e-06
2.41718e-06
2.07914e-06
8.71879e-07
8.53899e-07
6.02831e-07
7.80399e-07
9.91528e-07
9.91945e-07
1.33393e-06
1.75656e-06
2.42831e-06
3.35848e-06
6.03407e-06
6.04315e-06
5.71642e-06
4.85132e-06
3.55974e-06
9.58809e-07
5.00993e-07
1.0366e-06
3.54627e-06
7.52381e-06
1.19204e-05
1.37493e-05
1.4636e-05
1.29998e-05
9.18838e-06
4.76909e-06
2.84686e-06
1.35294e-06
1.76457e-06
3.16927e-06
4.28729e-06
4.2874e-06
4.1037e-06
2.85916e-06
1.75145e-06
1.15083e-06
2.42567e-06
4.01317e-06
6.17938e-06
8.63024e-06
1.08448e-05
1.03972e-05
9.08004e-06
7.01256e-06
4.22536e-06
1.50987e-06
8.52649e-07
2.03147e-06
6.08369e-06
1.09088e-05
1.45576e-05
1.68052e-05
1.625e-05
1.28187e-05
7.93175e-06
4.21419e-06
1.83107e-06
1.52336e-06
2.77343e-06
5.23015e-06
6.7034e-06
7.04446e-06
6.43507e-06
4.40172e-06
2.64315e-06
2.26469e-06
3.10173e-06
4.43642e-06
5.90741e-06
7.15206e-06
7.82176e-06
7.32161e-06
6.22529e-06
5.06674e-06
3.5329e-06
2.11444e-06
1.51683e-06
1.27837e-06
1.09606e-06
7.41679e-07
4.04952e-07
2.91399e-07
3.9768e-07
3.13539e-07
5.45819e-07
1.12491e-06
2.06896e-06
3.96189e-06
6.02104e-06
8.28219e-06
1.04585e-05
1.14491e-05
9.75586e-06
7.75778e-06
5.22614e-06
2.54755e-06
6.97114e-07
6.20208e-07
5.26483e-07
6.16459e-07
7.5566e-07
6.8733e-07
8.56573e-07
1.1945e-06
1.19524e-06
1.01472e-06
1.00296e-06
6.42755e-07
3.20737e-07
1.83141e-07
1.715e-07
2.80419e-07
3.90539e-07
7.52252e-07
1.48389e-06
3.47311e-06
7.39045e-06
1.90037e-05
4.259e-05
8.045e-05
0.000151046
0.000270702
0.000446814
0.000693711
0.00104768
0.0015241
0.00218837
0.00305379
0.00413424
0.00540377
0.00681525
0.00828194
0.00977393
0.0112411
0.0124843
0.0134074
0.0138284
0.0136894
0.0130436
0.0120391
0.0108683
0.00966577
0.00845452
0.00721612
0.00609111
0.0050389
0.00415977
0.00346647
0.00291449
0.00242269
0.00192786
0.00140543
0.000924932
0.000542855
0.000275237
0.00018677
0.000350956
0.000814431
0.00160548
0.0027544
0.004225
0.00579519
0.00739058
0.00896756
0.0103924
0.0115825
0.012378
0.0126139
0.0123466
0.011662
0.0107186
0.00985259
0.00913701
0.00846869
0.00792182
0.00745299
0.00713941
0.00708349
0.00727692
0.00757709
0.00792062
0.00817166
0.00835872
0.00852323
0.00871802
0.0089239
0.0090681
0.00907851
0.00888076
0.00846381
0.00787387
0.00731273
0.00669284
0.00605412
0.00535249
0.0046311
0.00386897
0.00324989
0.00282106
0.00259092
0.00243025
0.00215126
0.00176402
0.00130598
0.000826977
0.000425686
0.00024027
0.000339465
0.000849419
0.00184628
0.00336136
0.00527662
0.00719654
0.00904988
0.0109212
0.0126676
0.014284
0.0161743
0.017928
0.0191446
0.0197915
0.0201667
0.0203779
0.0205658
0.020592
0.0203787
0.0196925
0.0179404
0.0154963
0.0129059
0.0104563
0.00811696
0.00625341
0.0047581
0.00356548
0.00263715
0.00191558
0.00137381
0.000957817
0.000604551
0.000325327
0.000278812
0.000387898
0.000680937
0.00132727
0.0023702
0.00367631
0.00543229
0.00754916
0.00962145
0.0114331
0.0131777
0.015016
0.0166943
0.0180921
0.0189029
0.0188781
0.0172722
0.0144988
0.0111394
0.00786211
0.00491336
0.00279246
0.00146138
0.000710448
0.000302096
0.000114647
7.70104e-05
8.15568e-05
7.71853e-05
6.43392e-05
5.73843e-05
6.16607e-05
8.49337e-05
0.000174466
0.000366945
0.000671649
0.00111896
0.00174338
0.00245308
0.00315822
0.00380572
0.00436328
0.00466578
0.004777
0.0046988
0.00428978
0.00371418
0.00313038
0.0024702
0.0017714
0.00125821
0.000824297
0.000455437
0.000205705
0.000121885
0.000104058
0.000123873
0.00016686
0.000239611
0.000289229
0.000367642
0.000435244
0.000466529
0.000462511
0.000425258
0.000377932
0.000358618
0.000376661
0.00037934
0.000353007
0.000287248
0.000201627
0.00011048
4.68251e-05
2.30823e-05
5.90952e-05
0.000137019
0.000225807
0.000362514
0.000559505
0.000727202
0.000849918
0.00090045
0.000915161
0.00103746
0.00125096
0.00157696
0.00209834
0.00273467
0.00330082
0.0039358
0.00466493
0.00540555
0.00600332
0.00624335
0.0059736
0.00525563
0.00416757
0.00290377
0.00178828
0.0010134
0.000541782
0.000336706
0.000349195
0.000429055
0.000490318
0.000514896
0.000516746
0.000543041
0.000636782
0.000733317
0.000812928
0.000845366
0.000867054
0.00100338
0.00139215
0.00192625
0.00276485
0.00375941
0.00475724
0.00582996
0.00696463
0.00797715
0.00860988
0.00876083
0.00808012
0.00679244
0.00496452
0.00315178
0.00171938
0.00102505
0.000965062
0.00146612
0.00221991
0.00289206
0.00323594
0.00321476
0.00291412
0.00241744
0.001859
0.00134622
0.000922097
0.000580901
0.000341936
0.000207263
0.000144651
0.000118984
0.000126486
0.000162231
0.000221617
0.000331163
0.000482738
0.00064366
0.000759314
0.000850247
0.000768235
0.000596234
0.000572488
0.00113378
0.00257683
0.00407602
0.00507861
0.0057361
0.0057077
0.00470261
0.00346507
0.00255689
0.00172694
0.00119758
0.00131696
0.001574
0.00168112
0.0017448
0.00157222
0.000861432
0.000412842
0.000498915
0.0010532
0.00222086
0.00420199
0.00685682
0.0098512
0.0127521
0.0146178
0.0140265
0.0114226
0.00832572
0.00661024
0.0083337
0.0158089
0.0257915
0.0353803
0.0436048
0.0478617
0.0450583
0.0381116
0.0295794
0.0197536
0.010736
0.00496327
0.00194721
0.00070912
0.000526001
0.000677696
0.000912281
0.00167995
0.00299307
0.00492843
0.00715323
0.00928176
0.0110788
0.0122845
0.0126686
0.011881
0.00949689
0.00679169
0.00512842
0.00556523
0.00911752
0.0162125
0.0252923
0.0351975
0.0446987
0.0514144
0.0528136
0.0497496
0.0429393
0.0330962
0.0228499
0.0154154
0.0107449
0.00816589
0.00688175
0.00636429
0.0061563
0.00585447
0.00548584
0.00530728
0.0048795
0.00395715
0.00288708
0.00188876
0.000955259
0.000392695
0.000424784
0.000821365
0.0013293
0.0019706
0.00259942
0.00287187
0.00279533
0.00248398
0.0019529
0.00131117
0.000844341
0.000531467
0.00034384
0.000196286
0.00010785
5.53823e-05
5.39015e-05
0.000100492
0.000182173
0.000269075
0.000353394
0.000419563
0.000477472
0.00056429
0.00063295
0.000597873
0.000508966
0.000399997
0.000242342
8.39319e-05
0.000343293
0.00128832
0.00213667
0.00277627
0.00343544
0.0038307
0.00330008
0.00256725
0.00194857
0.00131495
0.000628107
0.000206892
0.000100598
0.000157499
0.000242581
0.00039298
0.00078255
0.00159313
0.00284435
0.00428279
0.00472037
0.00453042
0.0037992
0.00252218
0.00101237
0.000437777
0.000257757
0.000158442
0.000119378
0.000121789
0.000729951
0.00230657
0.00398005
0.00534079
0.00655661
0.00701726
0.00604466
0.00449822
0.00312364
0.00186418
0.000769192
0.000190952
6.19964e-05
7.24595e-05
0.000158659
0.000436435
0.00112737
0.00263769
0.00493108
0.00764342
0.00905463
0.00941714
0.00871931
0.00714776
0.00483728
0.00335915
0.0023759
0.00164228
0.000973057
0.000540131
0.000345187
0.000233913
0.000156818
8.60569e-05
6.1962e-05
0.000166148
0.000328168
0.000438591
0.000462946
0.000434954
0.000314457
0.000148366
0.000129267
0.000316014
0.000721401
0.00147431
0.00247412
0.00353859
0.00439769
0.00525187
0.00648543
0.00818787
0.00909057
0.00963413
0.0100125
0.00937811
0.00841781
0.00832601
0.00913712
0.0101423
0.0111786
0.0113123
0.0113753
0.0111523
0.0107094
0.0109548
0.0115723
0.0115902
0.0107408
0.00949399
0.0075714
0.00553764
0.00373036
0.00253328
0.00164877
0.000938035
0.000486609
0.00038693
0.000526134
0.00115882
0.0028048
0.00540452
0.00730828
0.00854519
0.00921475
0.00854648
0.00732301
0.00634443
0.00538737
0.00418355
0.00320169
0.00196036
0.00102559
0.000562094
0.000954964
0.00169494
0.00285953
0.00398062
0.00534773
0.0066166
0.00825126
0.00964378
0.0110393
0.0119522
0.0115686
0.0103761
0.00856313
0.00751411
0.00685383
0.00712707
0.00813534
0.010254
0.0114841
0.0120135
0.0116617
0.0100098
0.00725624
0.00442884
0.00238717
0.00214792
0.00501456
0.0111523
0.0192311
0.0277198
0.0371894
0.0441534
0.0486997
0.0500685
0.049479
0.0462059
0.0427408
0.0384151
0.03555
0.0341802
0.0324171
0.0309589
0.0296822
0.0297597
0.029498
0.0293053
0.0284958
0.0275427
0.0245079
0.0204898
0.0166383
0.0127355
0.00857253
0.0049504
0.002506
0.001104
0.000777484
0.0015991
0.00321592
0.00482592
0.0060003
0.00634649
0.00576419
0.0043859
0.00282585
0.00154118
0.000788442
0.000332902
0.000121998
0.000214681
0.000753537
0.00191403
0.00378826
0.00607725
0.00825253
0.00972889
0.0100359
0.00879787
0.00663238
0.00429393
0.00254461
0.00184543
0.00258242
0.00418598
0.00582843
0.00673086
0.00633873
0.00505285
0.00329289
0.00174617
0.00103744
0.00160817
0.00283799
0.00431191
0.00555565
0.00624647
0.00586264
0.0047314
0.00328068
0.0019384
0.000855951
0.000491926
0.000608264
0.000904137
0.00116408
0.0012855
0.00118272
0.000878384
0.000670337
0.000902397
0.0017238
0.00310106
0.00491018
0.00676802
0.00820746
0.00884722
0.00821877
0.00683559
0.00498665
0.00305699
0.00157089
0.00112335
0.00135985
0.00209618
0.00289919
0.00308823
0.00274318
0.00208087
0.00126786
0.00056601
0.000393638
0.000614346
0.000974622
0.00134103
0.00162378
0.00155191
0.00130048
0.000944271
0.00061528
0.000411668
0.000567936
0.000882011
0.00122448
0.0014985
0.00174904
0.00195535
0.00205932
0.00205808
0.00188531
0.00149138
0.00101237
0.000580341
0.000281277
0.000199032
0.000280793
0.000293727
0.000288948
0.000242929
0.000155577
6.60495e-05
0.000123155
0.000235721
0.000377085
0.000517847
0.000523821
0.000481944
0.000591324
0.00102323
0.00165817
0.00253013
0.00333888
0.00381239
0.00369476
0.00314211
0.00229754
0.00147386
0.000781829
0.00038365
0.000241144
0.000295025
0.000359138
0.000392682
0.000352363
0.000265242
0.000151942
9.06679e-05
6.80525e-05
0.000115026
0.000192844
0.000314954
0.000475176
0.000661937
0.00087574
0.00101989
0.00119215
0.00131027
0.00155428
0.00178621
0.00202318
0.00215947
0.00219732
0.00199497
0.00158536
0.00114719
0.000712735
0.000431502
0.000343174
0.000497362
0.000676303
0.000835877
0.000859339
0.000727593
0.000481174
0.00027573
0.000112921
4.67547e-05
2.74422e-05
6.34583e-05
0.000134487
0.000252995
0.000408552
0.000556834
0.000665546
0.000678383
0.000588919
0.000427734
0.000272002
0.000128194
6.75016e-05
7.82774e-05
0.000119521
0.000146388
0.000165683
0.000160217
0.000136074
0.000108704
9.39093e-05
7.64752e-05
6.3933e-05
5.14422e-05
3.65559e-05
2.84675e-05
2.00231e-05
1.39026e-05
1.39057e-05
2.33497e-05
4.39404e-05
7.28796e-05
0.000107414
0.000134859
0.00015619
0.000182386
0.000204007
0.00021711
0.000223522
0.000213537
0.000177609
0.000136691
9.93834e-05
7.55141e-05
6.40135e-05
5.54249e-05
4.68351e-05
3.88163e-05
2.67106e-05
1.64214e-05
1.07625e-05
8.01533e-06
9.52194e-06
1.32107e-05
1.58729e-05
1.99315e-05
2.01269e-05
1.73055e-05
2.59833e-05
6.00936e-05
0.000110962
0.000171355
0.000222388
0.000246154
0.00023733
0.000219051
0.000183923
0.000146677
0.000111057
8.25939e-05
5.31315e-05
3.78688e-05
3.31025e-05
3.70357e-05
4.51962e-05
4.88484e-05
4.7621e-05
4.64976e-05
4.49328e-05
3.72936e-05
2.76011e-05
1.94314e-05
1.16497e-05
6.72186e-06
5.08334e-06
3.8111e-06
4.9892e-06
1.12358e-05
1.84561e-05
2.42981e-05
3.26083e-05
4.38034e-05
5.7238e-05
7.08405e-05
8.37705e-05
8.38702e-05
7.3227e-05
5.25833e-05
3.17962e-05
1.34308e-05
5.17236e-06
3.45524e-06
6.65158e-06
1.02645e-05
1.12243e-05
1.16895e-05
1.01657e-05
6.93079e-06
3.33525e-06
2.47374e-06
2.46086e-06
4.71323e-06
8.01239e-06
1.22681e-05
1.90358e-05
2.45152e-05
2.49231e-05
2.20264e-05
1.76252e-05
1.05132e-05
5.71288e-06
8.17314e-06
1.93802e-05
3.60213e-05
5.95586e-05
8.32134e-05
0.000102754
0.000112429
0.000113916
0.000108955
0.000101099
9.45785e-05
9.06063e-05
9.11658e-05
9.27382e-05
9.4278e-05
9.50946e-05
9.13783e-05
9.19324e-05
9.26237e-05
9.03067e-05
8.2173e-05
7.75295e-05
6.8393e-05
6.64356e-05
7.78267e-05
9.88304e-05
0.000124725
0.000139186
0.000139899
0.000129684
0.000123329
0.000112686
0.000105941
9.26219e-05
7.46263e-05
5.04101e-05
3.47015e-05
2.74336e-05
2.82693e-05
3.01146e-05
2.92851e-05
2.10105e-05
1.52427e-05
2.57186e-05
6.71874e-05
0.000144323
0.000332667
0.00066855
0.00110517
0.00156565
0.00198225
0.00219869
0.00214359
0.00182876
0.00136913
0.000881309
0.00048725
0.000282215
0.000290272
0.000425225
0.000645834
0.000901148
0.00110318
0.00119965
0.00121773
0.00116808
0.00103951
0.00088321
0.000813543
0.000910438
0.00111941
0.00145613
0.0018822
0.00232293
0.0027074
0.00306996
0.00356049
0.00429236
0.00515952
0.00598921
0.00658882
0.00671159
0.00625065
0.00531406
0.00411751
0.00292249
0.00185645
0.00104774
0.000588275
0.000402836
0.000378407
0.000500492
0.000654246
0.000732448
0.000779736
0.000840822
0.000862448
0.00081698
0.000781163
0.00078464
0.000797236
0.000818356
0.00085573
0.000870223
0.000803635
0.000688863
0.000580274
0.000508232
0.000458269
0.000450706
0.000466503
0.000494472
0.000512632
0.00051517
0.000494019
0.000444699
0.00036462
0.000266285
0.000170841
8.99505e-05
3.65861e-05
1.76948e-05
2.93341e-05
6.60028e-05
0.000124193
0.000198273
0.000277874
0.000349812
0.00039816
0.000419598
0.000414251
0.000373203
0.00031246
0.000246472
0.000174377
0.000108586
6.59947e-05
3.81658e-05
