Accuracy, Threshold, MoveMeanSize, MinHertz, MaxHertz, StepBuffer, PeakAverage
0.966234 1.7 10 2.5 10 3 
0.968759 1.7 10 2.54 10 3 
0.971214 1.7 10 2.54 10 3 
0.978965 1.7 10 2.5 10 3 
0.99052 1.7 11 2.5 10 3 
0.990664 1.7 17 2.54 10 3 
0.990664 1.7 17 2.74 10 3 
0.990664 1.7 17 2.78 10 3 
0.990664 1.7 17 2.82 10 3 
0.990664 1.82 16 2.58 10 3 
0.990664 1.82 16 2.62 10 3 
0.990664 1.86 16 2.58 10 3 
0.990664 1.86 16 2.62 10 3 
0.990664 1.9 16 2.58 10 3 
0.990664 1.9 16 2.62 10 3 
0.990664 1.94 11 2.5 10 3 
0.990664 1.94 16 2.58 10 3 
0.990664 1.94 16 2.62 10 3 
0.990664 2.06 15 2.78 10 3 
0.990664 2.06 15 2.82 10 3 
0.993045 2.1 11 2.5 10 3 
