Accuracy, Threshold, MoveMeanSize, MinHertz, MaxHertz, StepBuffer, PeakAverage
0.924729,15000,32,1.9,3.2,10,3,
0.924712,13000,32,1.9,3,10,3,
0.924355,15000,32,1.9,3.1,10,3,
0.923782,13000,32,1.9,3.1,10,3,
0.923641,14000,32,1.9,3.1,10,3,
0.923641,11000,32,1.9,3.1,10,3,
0.923517,12000,32,1.9,3.2,10,3,
0.922944,13000,32,1.9,3.2,10,3,
0.922927,14000,32,1.9,3,10,3,
0.922803,14000,32,1.9,3.2,10,3,
0.921996,11000,32,1.9,3,10,3,
0.921996,15000,32,1.9,3,10,3,
0.921282,9000,32,1.9,3.1,10,3,
0.921158,11000,32,1.9,3.2,10,3,
0.920925,8000,32,1.9,3,10,3,
0.920925,12000,32,1.9,3.1,10,3,
0.919853,10000,32,1.9,3.1,10,3,
0.919853,9000,32,1.9,3,10,3,
0.919139,8000,32,1.9,3.1,10,3,
0.919139,13000,32,1.9,2.9,10,3,
0.918907,9000,32,2,2.7,10,3,
0.918907,10000,32,2,2.7,10,3,
0.918782,10000,32,1.9,3,10,3,
0.918425,12000,32,1.9,3,10,3,
0.918301,10000,32,1.9,3.2,10,3,
0.918208,14000,32,1.9,2.9,10,3,
0.917944,9000,32,1.9,3.2,10,3,
0.917835,11000,32,2,2.7,10,3,
0.917835,8000,32,2,2.7,10,3,
0.917426,11000,32,2,2.8,10,3,
0.917393,13000,32,2,2.9,10,3,
0.917353,12000,32,1.9,2.9,10,3,
0.916492,12000,32,1.8,3.2,10,3,
0.916285,15000,32,2,3.1,10,3,
0.915997,10000,32,2,2.8,10,3,
0.915801,8000,32,1.9,3.2,10,3,
0.915748,12000,32,2,2.9,10,3,
0.915708,11000,32,1.9,2.8,10,3,
0.915351,15000,32,1.9,2.9,10,3,
0.915064,10000,32,1.8,3.2,10,3,
0.914994,9000,32,1.9,2.9,10,3,
0.914994,11000,32,1.9,2.9,10,3,
0.914707,8000,32,1.8,3.2,10,3,
0.914569,8000,32,2,2.8,10,3,
0.914529,9000,32,1.9,2.8,10,3,
0.91435,11000,32,1.8,3.2,10,3,
0.91432,11000,32,2,2.9,10,3,
0.913992,13000,32,1.8,3.2,10,3,
0.913854,9000,32,2,2.8,10,3,
0.913605,14000,32,2,2.9,10,3,
0.913513,13000,32,1.9,2.8,10,3,
0.913285,12000,32,2,2.8,10,3,
0.913248,10000,32,2,2.9,10,3,
0.913248,15000,32,2,2.9,10,3,
0.9131,12000,32,1.9,2.8,10,3,
0.912921,15000,32,1.8,3.2,10,3,
0.912921,14000,32,1.8,3.2,10,3,
0.912921,9000,32,1.8,3.2,10,3,
0.912743,10000,32,1.9,2.8,10,3,
0.912442,8000,32,1.9,2.8,10,3,
0.912419,8000,32,1.8,3.1,10,3,
0.912137,10000,32,1.9,2.9,10,3,
0.912137,8000,32,1.9,2.9,10,3,
0.911283,13000,32,2,2.8,10,3,
0.91105,9000,32,2,2.6,10,3,
0.91096,15000,32,2,3,10,3,
0.910351,15000,32,1.9,2.8,10,3,
0.910321,13000,32,2,3.1,10,3,
0.910224,11000,32,1.8,3.1,10,3,
0.910034,9000,32,2,2.9,10,3,
0.909981,15000,32,2,3.2,10,3,
0.90951,9000,32,1.8,3,10,3,
0.909509,9000,32,1.8,3.1,10,3,
0.90932,8000,32,2,2.9,10,3,
0.909267,13000,32,2,3.2,10,3,
0.909175,13000,32,2,3,10,3,
0.909172,14000,32,1.9,2.8,10,3,
0.90914,14000,32,2,2.8,10,3,
0.90905,13000,32,2,2.7,10,3,
0.90905,12000,32,2,2.7,10,3,
0.908848,8000,32,1.8,3,10,3,
0.908677,14000,32,2,3.1,10,3,
0.908438,11000,32,1.8,3,10,3,
0.908133,14000,32,1.8,3.1,10,3,
0.908081,12000,32,1.8,3,10,3,
0.908081,15000,32,1.8,3.1,10,3,
0.908081,12000,32,1.8,3.1,10,3,
0.908081,10000,32,1.8,3.1,10,3,
0.908069,15000,32,2,2.8,10,3,
0.907887,14000,32,2,3,10,3,
0.907426,8000,32,2,2.6,10,3,
0.907367,13000,32,1.8,3,10,3,
0.907367,13000,32,1.8,3.1,10,3,
0.906999,11000,32,2,3.1,10,3,
0.906764,11000,32,2,2.6,10,3,
0.906764,10000,32,2,2.6,10,3,
0.906348,14000,32,1.8,3,10,3,
0.906295,10000,32,1.8,3,10,3,
0.906177,12000,32,2,3.1,10,3,
0.906082,8000,32,1.9,2.7,10,3,
0.905581,15000,32,1.8,3,10,3,
0.905571,10000,32,2,3.1,10,3,
0.905426,14000,32,2,2.7,10,3,
0.905394,14000,32,2,3.2,10,3,
0.904856,9000,32,2,3.1,10,3,
0.904764,15000,32,2,2.7,10,3,
0.904624,12000,32,2,3.2,10,3,
0.904407,12000,32,2,2.6,10,3,
0.903884,9000,32,1.9,2.7,10,3,
0.903884,10000,32,1.9,2.7,10,3,
0.903335,13000,32,2,2.6,10,3,
0.90317,11000,32,1.9,2.7,10,3,
0.903103,11000,32,2,3,10,3,
0.902887,12000,32,2,3,10,3,
0.902481,11000,32,2,3.2,10,3,
0.901534,8000,32,2,3.1,10,3,
0.901225,13000,32,1.9,2.7,10,3,
0.900696,10000,32,2,3.2,10,3,
0.900098,12000,32,1.9,2.7,10,3,
0.90003,10000,32,2,3,10,3,
0.899624,9000,32,2,3.2,10,3,
0.899354,14000,32,2,2.6,10,3,
0.899077,11000,32,1.8,2.9,10,3,
0.898772,14000,32,1.8,2.9,10,3,
0.898011,14000,32,1.9,2.7,10,3,
0.897978,15000,32,2,2.6,10,3,
0.897887,9000,32,2,3,10,3,
0.89753,8000,32,2,3,10,3,
0.897075,10000,32,1.8,2.9,10,3,
0.896577,15000,32,1.8,2.9,10,3,
0.896561,8000,32,1.9,2.6,10,3,
0.89636,9000,32,1.8,2.9,10,3,
0.89606,9000,32,2,2.5,10,3,
0.895699,8000,32,1.8,2.9,10,3,
0.895289,12000,32,1.8,2.9,10,3,
0.894741,15000,32,1.9,2.7,10,3,
0.894575,13000,32,1.8,2.9,10,3,
0.894106,8000,32,2,3.2,10,3,
0.89315,8000,32,2,2.5,10,3,
0.892216,8000,32,1.8,2.8,10,3,
0.892075,13000,32,1.8,2.8,10,3,
0.891696,8000,32,2.1,2.9,10,3,
0.890269,9000,32,1.8,2.8,10,3,
0.889972,9000,32,1.9,2.6,10,3,
0.888917,10000,32,2,2.5,10,3,
0.8889,10000,32,1.9,2.6,10,3,
0.888482,9000,32,2.1,2.9,10,3,
0.887846,11000,32,2,2.5,10,3,
0.887412,12000,32,1.8,2.8,10,3,
0.887274,12000,32,2,2.5,10,3,
0.887114,11000,32,1.9,2.6,10,3,
0.886698,10000,32,1.8,2.8,10,3,
0.886341,14000,32,1.8,2.8,10,3,
0.886341,11000,32,1.8,2.8,10,3,
0.885268,11000,32,2.1,2.9,10,3,
0.885157,11000,32,2.1,3,10,3,
0.884918,13000,32,1.9,2.6,10,3,
0.884774,13000,32,2,2.5,10,3,
0.884555,15000,32,1.8,2.8,10,3,
0.884443,12000,32,2.1,3,10,3,
0.884086,14000,32,2.1,3,10,3,
0.883847,14000,32,1.9,2.6,10,3,
0.883125,10000,32,2.1,2.9,10,3,
0.882443,15000,32,2.1,3,10,3,
0.882008,12000,32,1.9,2.6,10,3,
0.881839,8000,32,1.8,2.7,10,3,
0.881229,13000,32,2.1,3,10,3,
0.881013,15000,32,2.1,3.1,10,3,
0.880655,12000,32,2.1,3.1,10,3,
0.880436,14000,32,2,2.5,10,3,
0.880131,15000,32,2,2.5,10,3,
0.8798,10000,32,2.1,3,10,3,
0.879569,14000,32,1.7,3.2,10,3,
0.879227,14000,32,2.1,3.1,10,3,
0.878445,13000,32,1.7,3.2,10,3,
0.878215,9000,32,1.8,2.7,10,3,
0.877972,15000,32,1.9,2.6,10,3,
0.877768,12000,32,2.1,2.9,10,3,
0.877539,8000,32,2.1,2.7,10,3,
0.877441,11000,32,2.1,3.1,10,3,
0.8773,9000,32,2.1,3,10,3,
0.877158,12000,32,1.7,3.2,10,3,
0.876731,14000,32,1.7,3.1,10,3,
0.876458,13000,32,2.1,3.1,10,3,
0.876443,10000,32,1.7,3.2,10,3,
0.876429,10000,32,1.8,2.7,10,3,
0.876321,8000,32,1.8,2.6,10,3,
0.876086,15000,32,1.7,3.2,10,3,
0.876072,11000,32,1.8,2.7,10,3,
0.875372,9000,32,1.7,3.2,10,3,
0.875372,8000,32,1.7,3.2,10,3,
0.875372,11000,32,1.7,3.2,10,3,
0.875358,13000,32,1.8,2.7,10,3,
0.875358,12000,32,1.8,2.7,10,3,
0.874941,10000,32,2.1,3.1,10,3,
0.874573,9000,32,2.1,2.7,10,3,
0.874178,12000,32,1.7,3.1,10,3,
0.874126,11000,32,1.8,2.6,10,3,
0.873929,15000,32,1.8,2.7,10,3,
0.873929,14000,32,1.8,2.7,10,3,
0.873839,13000,32,2.1,2.9,10,3,
0.873372,8000,32,2.1,3,10,3,
0.872943,8000,32,1.7,3.1,10,3,
0.872589,10000,32,1.8,2.6,10,3,
0.872589,9000,32,1.8,2.6,10,3,
0.872534,11000,32,1.7,3.1,10,3,
0.872496,8000,32,2.1,2.8,10,3,
0.872182,10000,32,2.1,2.7,10,3,
0.872176,9000,32,1.7,3.1,10,3,
0.871462,15000,32,1.7,3.1,10,3,
0.871105,10000,32,1.7,3.1,10,3,
0.870777,15000,32,2.1,3.2,10,3,
0.87071,9000,32,2.1,2.8,10,3,
0.870624,8000,32,1.8,2.5,10,3,
0.870391,13000,32,1.7,3.1,10,3,
0.87025,14000,32,1.7,3,10,3,
0.86984,15000,32,1.8,2.6,10,3,
0.86984,14000,32,1.8,2.6,10,3,
0.869732,12000,32,1.8,2.6,10,3,
0.869732,13000,32,1.8,2.6,10,3,
0.868411,11000,32,1.7,3,10,3,
0.868373,9000,32,1.8,2.5,10,3,
0.868244,12000,32,2.1,3.2,10,3,
0.868016,10000,32,1.8,2.5,10,3,
0.86792,14000,32,2.1,3.2,10,3,
0.867659,11000,32,1.8,2.5,10,3,
0.867539,11000,32,2.1,2.7,10,3,
0.867481,10000,32,1.7,3,10,3,
0.867138,10000,32,2.1,2.8,10,3,
0.866767,12000,32,1.7,3,10,3,
0.866696,14000,32,2.1,2.9,10,3,
0.866607,8000,32,1.9,2.4,10,3,
0.866555,8000,32,2.1,2.6,10,3,
0.86641,13000,32,1.7,3,10,3,
0.86637,8000,32,2.1,3.1,10,3,
0.866053,8000,32,1.9,2.5,10,3,
0.865744,9000,32,2.1,3.1,10,3,
0.865695,9000,32,1.7,3,10,3,
0.86541,13000,32,1.8,2.5,10,3,
0.865118,13000,32,2.1,3.2,10,3,
0.864981,15000,32,1.7,3,10,3,
0.864624,8000,32,1.7,3,10,3,
0.864553,15000,32,2.1,2.9,10,3,
0.86384,14000,32,1.8,2.5,10,3,
0.863516,12000,32,1.8,2.5,10,3,
0.861912,9000,32,2.1,2.6,10,3,
0.86184,9000,32,2,2.4,10,3,
0.861781,11000,32,2.1,2.8,10,3,
0.861781,12000,32,2.1,2.8,10,3,
0.861715,10000,32,1.9,2.5,10,3,
0.861715,9000,32,1.9,2.5,10,3,
0.861125,10000,32,2,2.4,10,3,
0.860528,10000,32,2.1,3.2,10,3,
0.860301,15000,32,1.8,2.5,10,3,
0.860054,8000,32,2,2.4,10,3,
0.86003,9000,32,2.1,3.2,10,3,
0.859929,11000,32,1.9,2.5,10,3,
0.859697,11000,32,2,2.4,10,3,
0.858991,11000,32,2.1,3.2,10,3,
0.858964,10000,32,1.9,2.4,10,3,
0.858698,11000,32,2.1,2.6,10,3,
0.858696,14000,32,1.9,2.5,10,3,
0.858607,11000,32,1.9,2.4,10,3,
0.858228,14000,32,1.7,2.9,10,3,
0.857926,8000,32,1.8,2.4,10,3,
0.857569,9000,32,1.8,2.4,10,3,
0.856967,13000,32,2.1,2.7,10,3,
0.856855,11000,32,1.8,2.4,10,3,
0.856855,10000,32,1.8,2.4,10,3,
0.856815,8000,32,2.1,3.2,10,3,
0.856751,12000,32,2.1,2.7,10,3,
0.856747,8000,32,1.7,2.9,10,3,
0.856607,9000,32,1.9,2.4,10,3,
0.856564,8000,32,1.7,2.8,10,3,
0.856173,10000,32,1.7,2.9,10,3,
0.856032,13000,32,1.7,2.9,10,3,
0.855483,12000,32,2.1,2.6,10,3,
0.855459,11000,32,1.7,2.9,10,3,
0.855102,9000,32,1.7,2.9,10,3,
0.854769,10000,32,2.1,2.6,10,3,
0.854745,12000,32,1.7,2.9,10,3,
0.854464,12000,32,1.9,2.4,10,3,
0.854412,13000,32,2.1,2.6,10,3,
0.854358,12000,32,1.9,2.5,10,3,
0.854281,14000,32,2.1,2.8,10,3,
0.85428,14000,32,1.7,2.8,10,3,
0.853643,13000,32,1.9,2.5,10,3,
0.853566,12000,32,1.7,2.8,10,3,
0.852959,15000,32,1.7,2.9,10,3,
0.852894,14000,32,1.9,2.4,10,3,
0.852884,9000,32,1.7,2.8,10,3,
0.852678,13000,32,1.9,2.4,10,3,
0.852355,12000,32,1.8,2.4,10,3,
0.85234,12000,32,2,2.4,10,3,
0.851664,11000,32,1.8,2.3,10,3,
0.85161,15000,32,2.1,2.7,10,3,
0.851098,10000,32,1.7,2.8,10,3,
0.850892,15000,32,1.9,2.4,10,3,
0.850741,11000,32,1.7,2.8,10,3,
0.850741,15000,32,1.7,2.8,10,3,
0.850554,13000,32,2,2.4,10,3,
0.850027,13000,32,1.7,2.8,10,3,
0.849805,8000,32,1.8,2.3,10,3,
0.849638,13000,32,2.1,2.8,10,3,
0.849463,8000,32,2,2.3,10,3,
0.849412,14000,32,2.1,2.6,10,3,
0.849358,15000,32,1.9,2.5,10,3,
0.84926,11000,32,2.2,3,10,3,
0.848783,13000,32,1.8,2.4,10,3,
0.848482,9000,32,1.8,2.3,10,3,
0.848125,10000,32,1.8,2.3,10,3,
0.847269,15000,32,2.1,2.6,10,3,
0.847216,14000,32,2.1,2.7,10,3,
0.847125,13000,32,1.8,2.3,10,3,
0.847117,12000,32,2.2,3,10,3,
0.847,14000,32,1.8,2.4,10,3,
0.846707,12000,32,2.2,3.1,10,3,
0.846688,8000,32,2.2,3,10,3,
0.84634,9000,32,2.2,2.6,10,3,
0.84634,12000,32,1.8,2.3,10,3,
0.846248,9000,32,2,2.3,10,3,
0.846067,15000,32,2.1,2.8,10,3,
0.845688,13000,32,2.2,3,10,3,
0.845197,8000,32,2.2,2.6,10,3,
0.845197,14000,32,2,2.4,10,3,
0.844921,13000,32,2.2,3.1,10,3,
0.84426,10000,32,2.2,3,10,3,
0.844207,14000,32,2.2,3.1,10,3,
0.843391,10000,32,2,2.3,10,3,
0.843212,15000,32,1.8,2.4,10,3,
0.843137,12000,32,1.7,2.5,10,3,
0.843054,15000,32,2,2.4,10,3,
0.842917,11000,32,1.7,2.7,10,3,
0.842671,8000,32,1.7,2.5,10,3,
0.842671,9000,32,1.7,2.5,10,3,
0.842671,11000,32,1.7,2.5,10,3,
0.842474,14000,32,2.2,3,10,3,
0.842474,9000,32,2.2,3,10,3,
0.842317,8000,32,2.1,2.5,10,3,
0.841462,8000,32,2.2,2.7,10,3,
0.84138,9000,32,1.7,2.7,10,3,
0.84138,8000,32,1.7,2.7,10,3,
0.84138,9000,32,1.7,2.6,10,3,
0.84138,8000,32,1.7,2.6,10,3,
0.841307,15000,32,1.8,2.3,10,3,
0.841307,14000,32,1.8,2.3,10,3,
0.841265,8000,32,1.9,2.3,10,3,
0.841023,10000,32,1.7,2.7,10,3,
0.840886,10000,32,1.7,2.5,10,3,
0.840636,15000,32,2.2,3.1,10,3,
0.840368,8000,32,2.1,2.4,10,3,
0.840309,13000,32,1.7,2.7,10,3,
0.840309,12000,32,1.7,2.7,10,3,
0.840279,10000,32,2.2,3.1,10,3,
0.84006,13000,32,1.7,2.6,10,3,
0.839952,11000,32,1.7,2.6,10,3,
0.839945,10000,32,2.2,2.6,10,3,
0.83987,9000,32,2.1,2.5,10,3,
0.839814,15000,32,1.7,2.5,10,3,
0.839755,8000,32,1.6,3.2,10,3,
0.839457,13000,32,1.7,2.5,10,3,
0.839237,10000,32,1.7,2.6,10,3,
0.839207,11000,32,2.2,3.1,10,3,
0.838988,15000,32,1.7,2.6,10,3,
0.83888,14000,32,1.7,2.7,10,3,
0.83888,15000,32,1.7,2.7,10,3,
0.838743,14000,32,1.7,2.5,10,3,
0.83844,14000,32,2.2,3.2,10,3,
0.838169,9000,32,2.1,2.4,10,3,
0.838166,12000,32,1.7,2.6,10,3,
0.837094,14000,32,1.7,2.6,10,3,
0.837012,10000,32,2.1,2.5,10,3,
0.836756,15000,32,1.6,3.2,10,3,
0.836707,9000,32,2.2,3.1,10,3,
0.836692,8000,32,2.2,2.9,10,3,
0.836545,15000,32,2.2,3,10,3,
0.835983,11000,32,2.2,2.6,10,3,
0.835583,13000,32,2.2,3.2,10,3,
0.83555,9000,32,1.9,2.3,10,3,
0.835248,11000,32,2,2.3,10,3,
0.835034,9000,32,2.2,2.7,10,3,
0.834702,12000,32,1.6,3.2,10,3,
0.83455,10000,32,2.2,2.9,10,3,
0.83455,9000,32,2.2,2.9,10,3,
0.834237,9000,32,1.6,3.2,10,3,
0.83305,11000,32,1.9,2.3,10,3,
0.832812,10000,32,1.7,2.4,10,3,
0.832812,9000,32,1.7,2.4,10,3,
0.832812,10000,32,2.1,2.4,10,3,
0.832808,11000,32,1.6,3.2,10,3,
0.832726,15000,32,2.2,3.2,10,3,
0.832584,12000,32,2.1,2.5,10,3,
0.832507,8000,32,1.6,3.1,10,3,
0.832455,11000,32,1.7,2.4,10,3,
0.832451,10000,32,1.6,3.2,10,3,
0.83242,12000,32,2.1,2.4,10,3,
0.832094,13000,32,1.6,3.2,10,3,
0.831655,11000,32,2.1,2.5,10,3,
0.831462,10000,32,2.2,2.7,10,3,
0.831027,8000,32,1.7,2.4,10,3,
0.830922,8000,32,2.2,3.1,10,3,
0.830885,8000,32,1.6,2.9,10,3,
0.830746,13000,32,2.1,2.5,10,3,
0.830669,13000,32,1.7,2.4,10,3,
0.830391,12000,32,2,2.3,10,3,
0.830312,14000,32,1.7,2.4,10,3,
0.830264,11000,32,2.2,2.9,10,3,
0.830226,12000,32,2.2,3.2,10,3,
0.830195,13000,32,1.9,2.3,10,3,
0.830193,10000,32,1.9,2.3,10,3,
0.829912,12000,32,2.2,2.6,10,3,
0.829813,9000,32,1.6,2.8,10,3,
0.829813,8000,32,1.6,2.8,10,3,
0.829598,15000,32,1.7,2.4,10,3,
0.829594,14000,32,1.6,3.2,10,3,
0.82955,12000,32,2.2,2.9,10,3,
0.829265,12000,32,1.9,2.3,10,3,
0.82924,9000,32,1.6,2.9,10,3,
0.829153,13000,32,2.1,2.4,10,3,
0.828742,8000,32,1.6,3,10,3,
0.82855,15000,32,1.9,2.3,10,3,
0.82855,14000,32,1.9,2.3,10,3,
0.828498,8000,32,2.2,2.8,10,3,
0.827891,15000,32,2,2.3,10,3,
0.827812,12000,32,1.7,2.4,10,3,
0.82767,11000,32,1.6,2.8,10,3,
0.827531,14000,32,2.1,2.5,10,3,
0.827507,15000,32,1.6,3.1,10,3,
0.827454,11000,32,1.6,3.1,10,3,
0.827426,10000,32,2.2,2.8,10,3,
0.827313,14000,32,1.6,3.1,10,3,
0.826956,12000,32,1.6,2.9,10,3,
0.826463,13000,32,2,2.3,10,3,
0.826242,13000,32,1.6,3,10,3,
0.826242,14000,32,1.6,3,10,3,
0.826226,8000,32,2.2,3.2,10,3,
0.82594,11000,32,2.2,3.2,10,3,
0.825669,11000,32,2.1,2.4,10,3,
0.82556,12000,32,1.6,3.1,10,3,
0.825391,14000,32,2,2.3,10,3,
0.825284,9000,32,2.2,2.8,10,3,
0.825203,9000,32,1.6,3.1,10,3,
0.825203,10000,32,1.6,3.1,10,3,
0.82517,14000,32,1.6,2.9,10,3,
0.824569,11000,32,2.2,2.8,10,3,
0.824489,13000,32,1.6,3.1,10,3,
0.824456,14000,32,1.6,2.8,10,3,
0.824155,9000,32,2.2,3.2,10,3,
0.824099,13000,32,1.6,2.7,10,3,
0.823798,10000,32,2.2,3.2,10,3,
0.823775,13000,32,1.6,2.8,10,3,
0.823775,10000,32,1.6,2.9,10,3,
0.823775,12000,32,1.6,3,10,3,
0.823775,11000,32,1.6,3,10,3,
0.823561,8000,32,1.7,2.3,10,3,
0.823498,12000,32,2.2,2.8,10,3,
0.823417,9000,32,1.6,3,10,3,
0.823417,10000,32,1.6,3,10,3,
0.823417,11000,32,1.6,2.9,10,3,
0.822703,10000,32,1.6,2.8,10,3,
0.82267,15000,32,1.6,2.8,10,3,
0.82267,8000,32,1.6,2.7,10,3,
0.82255,13000,32,2.2,2.9,10,3,
0.822346,12000,32,1.6,2.8,10,3,
0.822313,15000,32,1.6,2.7,10,3,
0.822313,14000,32,1.6,2.7,10,3,
0.821819,11000,32,2.2,2.7,10,3,
0.821632,13000,32,1.6,2.9,10,3,
0.821189,8000,32,1.6,2.6,10,3,
0.821026,9000,32,1.6,2.7,10,3,
0.820917,15000,32,1.6,3,10,3,
0.820917,10000,32,1.6,2.7,10,3,
0.82056,12000,32,1.6,2.7,10,3,
0.820441,15000,32,2.1,2.5,10,3,
0.820078,9000,32,1.7,2.3,10,3,
0.819846,15000,32,1.6,2.9,10,3,
0.819828,11000,32,2.3,3.2,10,3,
0.819544,9000,32,1.6,2.6,10,3,
0.819404,12000,32,1.6,2.6,10,3,
0.818978,14000,32,2.2,2.9,10,3,
0.818775,11000,32,1.6,2.7,10,3,
0.817578,10000,32,1.7,2.3,10,3,
0.81751,15000,32,1.6,2.6,10,3,
0.816587,13000,32,2.2,2.6,10,3,
0.816579,11000,32,1.6,2.6,10,3,
0.816507,11000,32,1.7,2.3,10,3,
0.816204,14000,32,1.7,2.3,10,3,
0.816185,10000,32,2.3,3.2,10,3,
0.81549,15000,32,1.7,2.3,10,3,
0.815435,12000,32,1.7,2.3,10,3,
0.815095,8000,32,1.6,2.5,10,3,
0.814793,10000,32,1.6,2.6,10,3,
0.814721,13000,32,1.7,2.3,10,3,
0.814685,8000,32,2.3,3.2,10,3,
0.814079,14000,32,1.6,2.6,10,3,
0.814042,9000,32,2.3,3.2,10,3,
0.813998,13000,32,2.2,2.8,10,3,
0.813722,13000,32,1.6,2.6,10,3,
0.81345,9000,32,1.6,2.5,10,3,
0.813264,15000,32,2.2,2.9,10,3,
0.812212,14000,32,2.2,2.8,10,3,
0.811436,8000,32,1.8,2.2,10,3,
0.809685,11000,32,1.6,2.5,10,3,
0.808722,9000,32,1.8,2.2,10,3,
0.80804,10000,32,1.6,2.5,10,3,
0.807998,15000,32,2.2,2.8,10,3,
0.807055,14000,32,2.2,2.6,10,3,
0.806969,13000,32,1.6,2.5,10,3,
0.806962,12000,32,2.2,2.7,10,3,
0.806364,10000,32,1.8,2.2,10,3,
0.806006,8000,32,2.3,3.1,10,3,
0.80595,15000,32,1.6,2.5,10,3,
0.80573,8000,32,2.2,2.5,10,3,
0.805651,8000,32,2.3,3,10,3,
0.80554,12000,32,1.6,2.5,10,3,
0.80554,14000,32,1.6,2.5,10,3,
0.805433,8000,32,1.7,2.2,10,3,
0.805159,11000,32,2.2,2.5,10,3,
0.805042,9000,32,2.3,3.1,10,3,
0.804701,8000,32,1.6,2.4,10,3,
0.804685,11000,32,2.3,3.1,10,3,
0.804344,9000,32,1.6,2.4,10,3,
0.804312,14000,32,2.1,2.4,10,3,
0.803614,10000,32,2.3,3.1,10,3,
0.803151,9000,32,2.3,3,10,3,
0.802882,8000,32,1.5,3.2,10,3,
0.802558,15000,32,1.6,2.4,10,3,
0.802526,15000,32,2.1,2.4,10,3,
0.802471,12000,32,2.3,3.2,10,3,
0.802151,10000,32,2.3,3,10,3,
0.802148,12000,32,1.6,2.4,10,3,
0.801588,9000,32,2.2,2.5,10,3,
0.801487,14000,32,1.6,2.4,10,3,
0.801237,9000,32,1.5,3.2,10,3,
0.801077,13000,32,1.6,2.4,10,3,
0.800891,15000,32,2.2,2.7,10,3,
0.80072,10000,32,1.6,2.4,10,3,
0.800687,8000,32,1.5,3,10,3,
0.800601,8000,32,2.3,2.9,10,3,
0.800364,11000,32,1.8,2.2,10,3,
0.800363,11000,32,1.6,2.4,10,3,
0.799915,9000,32,1.7,2.2,10,3,
0.799615,8000,32,1.5,2.9,10,3,
0.799042,9000,32,1.5,3,10,3,
0.798953,15000,32,1.5,3.2,10,3,
0.798901,11000,32,1.5,3.2,10,3,
0.798848,8000,32,1.5,3.1,10,3,
0.798483,15000,32,2.2,2.6,10,3,
0.79813,10000,32,1.7,2.2,10,3,
0.79797,9000,32,1.5,2.9,10,3,
0.797507,12000,32,1.8,2.2,10,3,
0.797507,13000,32,1.8,2.2,10,3,
0.797434,12000,32,2.3,3.1,10,3,
0.797204,9000,32,1.5,3.1,10,3,
0.797202,13000,32,2.3,3.2,10,3,
0.797115,15000,32,1.5,3,10,3,
0.796705,12000,32,1.5,3,10,3,
0.796705,13000,32,1.5,3.1,10,3,
0.796588,12000,32,2.2,2.5,10,3,
0.796507,14000,32,1.8,2.2,10,3,
0.796248,13000,32,2.2,2.7,10,3,
0.79615,15000,32,1.8,2.2,10,3,
0.796044,14000,32,1.5,2.9,10,3,
0.796032,14000,32,2.2,2.7,10,3,
0.795987,11000,32,1.7,2.2,10,3,
0.795873,10000,32,2.2,2.5,10,3,
0.795809,12000,32,1.7,2.2,10,3,
0.795719,10000,32,1.5,3.2,10,3,
0.795675,12000,32,2.2,2.4,10,3,
0.795648,13000,32,2.3,3.1,10,3,
0.795634,11000,32,1.5,2.9,10,3,
0.795362,13000,32,1.5,3.2,10,3,
0.795329,14000,32,1.5,3,10,3,
0.795185,8000,32,1.9,2.2,10,3,
0.794471,14000,32,2.3,3.2,10,3,
0.794246,13000,32,2.2,2.4,10,3,
0.794114,9000,32,1.9,2.2,10,3,
0.793576,12000,32,1.5,3.2,10,3,
0.793532,8000,32,2.2,2.4,10,3,
0.793524,10000,32,1.5,3,10,3,
0.793468,8000,32,1.5,2.8,10,3,
0.793167,11000,32,1.5,3,10,3,
0.793167,12000,32,1.5,3.1,10,3,
0.793134,15000,32,1.5,3.1,10,3,
0.792744,9000,32,2.3,2.9,10,3,
0.792182,14000,32,1.7,2.2,10,3,
0.792095,13000,32,1.5,2.9,10,3,
0.791824,9000,32,1.5,2.8,10,3,
0.791791,14000,32,1.5,3.2,10,3,
0.791738,10000,32,1.5,3.1,10,3,
0.791651,11000,32,2.3,3,10,3,
0.791558,13000,32,1.7,2.2,10,3,
0.791381,11000,32,1.5,3.1,10,3,
0.791381,13000,32,1.5,3,10,3,
0.791008,12000,32,2.3,3,10,3,
0.7909,10000,32,1.9,2.2,10,3,
0.7909,15000,32,2.3,3.2,10,3,
0.790667,10000,32,1.5,2.9,10,3,
0.790543,11000,32,1.9,2.2,10,3,
0.79031,12000,32,1.5,2.9,10,3,
0.79025,8000,32,1.6,2.3,10,3,
0.79025,9000,32,1.6,2.3,10,3,
0.789961,11000,32,2.2,2.4,10,3,
0.789601,11000,32,2.3,2.9,10,3,
0.789595,14000,32,1.5,3.1,10,3,
0.78913,13000,32,1.5,2.8,10,3,
0.789063,11000,32,2.3,2.8,10,3,
0.789022,8000,32,1.5,2.7,10,3,
0.788881,15000,32,1.5,2.9,10,3,
0.788754,15000,32,1.7,2.2,10,3,
0.788246,14000,32,2.2,2.4,10,3,
0.788003,14000,32,1.5,2.8,10,3,
0.787778,8000,32,2.3,2.8,10,3,
0.78775,14000,32,1.6,2.3,10,3,
0.787635,9000,32,2.3,2.8,10,3,
0.787377,9000,32,1.5,2.7,10,3,
0.786744,10000,32,2.3,2.9,10,3,
0.786626,10000,32,1.6,2.3,10,3,
0.786306,14000,32,1.5,2.6,10,3,
0.786306,10000,32,1.5,2.8,10,3,
0.786306,15000,32,1.5,2.6,10,3,
0.786269,11000,32,1.6,2.3,10,3,
0.786043,12000,32,1.9,2.2,10,3,
0.785949,12000,32,1.5,2.8,10,3,
0.785912,12000,32,1.6,2.3,10,3,
0.785592,9000,32,1.5,2.6,10,3,
0.785198,13000,32,1.6,2.3,10,3,
0.785041,12000,32,1.5,2.7,10,3,
0.784614,13000,32,1.9,2.2,10,3,
0.784163,11000,32,1.5,2.8,10,3,
0.784126,15000,32,1.6,2.3,10,3,
0.784063,10000,32,2.3,2.8,10,3,
0.7839,15000,32,2.3,3.1,10,3,
0.783753,10000,32,1.5,2.6,10,3,
0.783396,11000,32,1.5,2.7,10,3,
0.783396,11000,32,1.5,2.6,10,3,
0.783039,13000,32,1.5,2.6,10,3,
0.783016,13000,32,2.2,2.5,10,3,
0.783006,14000,32,2.3,3.1,10,3,
0.782818,9000,32,2.2,2.4,10,3,
0.782818,10000,32,2.2,2.4,10,3,
0.782734,15000,32,1.5,2.8,10,3,
0.782377,15000,32,1.5,2.7,10,3,
0.782377,14000,32,1.5,2.7,10,3,
0.781968,8000,32,1.5,2.6,10,3,
0.781968,10000,32,1.5,2.7,10,3,
0.78161,12000,32,1.5,2.6,10,3,
0.78146,8000,32,2,2.2,10,3,
0.781253,13000,32,1.5,2.7,10,3,
0.781159,14000,32,2.2,2.5,10,3,
0.781104,15000,32,2.2,2.4,10,3,
0.78079,8000,32,1.6,2.2,10,3,
0.780614,14000,32,1.9,2.2,10,3,
0.780294,13000,32,2.3,3,10,3,
0.780076,10000,32,1.6,2.2,10,3,
0.780076,9000,32,1.6,2.2,10,3,
0.780063,12000,32,2.3,2.8,10,3,
0.778719,11000,32,1.6,2.2,10,3,
0.778089,8000,32,1.7,2.1,10,3,
0.777947,9000,32,1.5,2.4,10,3,
0.777744,12000,32,2.3,2.9,10,3,
0.777436,8000,32,2.1,2.3,10,3,
0.77729,12000,32,1.6,2.2,10,3,
0.777124,9000,32,1.5,2.5,10,3,
0.776108,8000,32,1.5,2.4,10,3,
0.775361,8000,32,2.4,3.2,10,3,
0.775286,8000,32,1.5,2.5,10,3,
0.775286,10000,32,1.5,2.5,10,3,
0.775148,15000,32,1.6,2.2,10,3,
0.775089,15000,32,1.5,2.4,10,3,
0.774929,11000,32,1.5,2.5,10,3,
0.774929,12000,32,1.5,2.5,10,3,
0.77468,10000,32,1.5,2.4,10,3,
0.774572,13000,32,1.5,2.5,10,3,
0.774433,13000,32,1.6,2.2,10,3,
0.774323,12000,32,1.5,2.4,10,3,
0.774323,11000,32,1.5,2.4,10,3,
0.774206,13000,32,2.3,2.8,10,3,
0.774076,14000,32,1.6,2.2,10,3,
0.773965,13000,32,1.5,2.4,10,3,
0.773251,14000,32,1.5,2.4,10,3,
0.773196,15000,32,1.5,2.5,10,3,
0.773036,9000,32,1.7,2.1,10,3,
0.772945,15000,32,2.2,2.5,10,3,
0.772757,15000,32,1.9,2.2,10,3,
0.772679,10000,32,1.7,2.1,10,3,
0.772072,14000,32,1.5,2.5,10,3,
0.771389,11000,32,2,2.2,10,3,
0.771151,15000,32,2.3,3,10,3,
0.771079,13000,32,2.1,2.3,10,3,
0.770816,13000,32,2.3,2.9,10,3,
0.770778,14000,32,2.3,2.8,10,3,
0.770317,10000,32,2,2.2,10,3,
0.7702,8000,32,1.6,2.1,10,3,
0.769887,14000,32,2.3,2.9,10,3,
0.769887,15000,32,2.3,2.9,10,3,
0.769603,9000,32,2,2.2,10,3,
0.769496,8000,32,2.3,2.7,10,3,
0.769485,9000,32,1.6,2.1,10,3,
0.768794,14000,32,2.3,3,10,3,
0.767591,10000,32,1.6,2.1,10,3,
0.767563,15000,32,2.3,2.8,10,3,
0.767322,11000,32,1.7,2.1,10,3,
0.766985,13000,32,1.6,2.1,10,3,
0.76652,12000,32,1.6,2.1,10,3,
0.76652,11000,32,1.6,2.1,10,3,
0.766322,12000,32,1.7,2.1,10,3,
0.764803,14000,32,1.7,2.1,10,3,
0.764433,10000,32,2.4,3.2,10,3,
0.764271,14000,32,1.6,2.1,10,3,
0.764122,8000,32,2.3,2.6,10,3,
0.763408,9000,32,2.3,2.6,10,3,
0.763322,13000,32,1.7,2.1,10,3,
0.762914,15000,32,1.6,2.1,10,3,
0.761933,11000,32,2.4,3.2,10,3,
0.76166,15000,32,1.7,2.1,10,3,
0.761452,8000,32,2.4,3.1,10,3,
0.761218,9000,32,2.4,3.2,10,3,
0.761053,8000,32,1.8,2.1,10,3,
0.760722,11000,32,2.1,2.3,10,3,
0.760542,9000,32,2.1,2.3,10,3,
0.759696,9000,32,1.8,2.1,10,3,
0.759667,9000,32,2.4,3.1,10,3,
0.759185,14000,32,2.1,2.3,10,3,
0.758989,8000,32,2.4,3,10,3,
0.758757,10000,32,2.1,2.3,10,3,
0.758556,8000,32,2.4,2.8,10,3,
0.756696,10000,32,1.8,2.1,10,3,
0.756685,12000,32,2.1,2.3,10,3,
0.756341,11000,32,2.4,2.8,10,3,
0.756339,11000,32,1.8,2.1,10,3,
0.755979,10000,32,2.3,2.6,10,3,
0.75589,9000,32,1.5,2.3,10,3,
0.75589,11000,32,1.5,2.3,10,3,
0.755836,11000,32,2.3,2.6,10,3,
0.755781,8000,32,1.5,2.3,10,3,
0.75571,9000,32,2.3,2.7,10,3,
0.75571,8000,32,2.4,2.9,10,3,
0.755175,14000,32,1.5,2.3,10,3,
0.754818,15000,32,1.5,2.3,10,3,
0.754595,11000,32,2.4,3.1,10,3,
0.754447,10000,32,2.4,2.8,10,3,
0.754432,12000,32,2.4,3.2,10,3,
0.754353,10000,32,1.5,2.3,10,3,
0.754196,12000,32,1.8,2.1,10,3,
0.754196,13000,32,1.8,2.1,10,3,
0.753839,14000,32,1.8,2.1,10,3,
0.753336,12000,32,2.3,2.6,10,3,
0.753281,12000,32,1.5,2.3,10,3,
0.752924,13000,32,1.5,2.3,10,3,
0.752158,13000,32,2.3,2.7,10,3,
0.75171,9000,32,2.4,2.9,10,3,
0.751341,9000,32,2.4,2.8,10,3,
0.750735,8000,32,1.9,2.1,10,3,
0.750603,12000,32,2,2.2,10,3,
0.749392,8000,32,1.5,2.2,10,3,
0.749229,10000,32,2.3,2.7,10,3,
0.74921,11000,32,2.4,2.9,10,3,
0.749174,13000,32,2,2.2,10,3,
0.748841,12000,32,2.4,2.8,10,3,
0.747678,8000,32,2.3,2.5,10,3,
0.747606,9000,32,1.5,2.2,10,3,
0.746793,15000,32,2.1,2.3,10,3,
0.746352,10000,32,2.4,2.9,10,3,
0.746141,13000,32,2.3,2.6,10,3,
0.745982,15000,32,1.8,2.1,10,3,
0.745679,14000,32,1.5,2.2,10,3,
0.745502,13000,32,2.4,3.2,10,3,
0.745282,12000,32,2.3,2.7,10,3,
0.74421,11000,32,2.3,2.7,10,3,
0.744073,8000,32,1.5,2.1,10,3,
0.744035,13000,32,1.5,2.2,10,3,
0.743608,9000,32,1.5,2.1,10,3,
0.743569,10000,32,1.5,2.2,10,3,
0.743167,12000,32,2.4,3.1,10,3,
0.74311,14000,32,1.5,2.1,10,3,
0.742665,10000,32,2.4,3.1,10,3,
0.74256,10000,32,2.4,3,10,3,
0.742498,11000,32,1.5,2.2,10,3,
0.742396,12000,32,1.5,2.1,10,3,
0.742141,12000,32,1.5,2.2,10,3,
0.742141,15000,32,1.5,2.2,10,3,
0.741132,11000,32,2.4,3,10,3,
0.740808,13000,32,2.4,3.1,10,3,
0.740132,9000,32,2.4,3,10,3,
0.740067,15000,32,2.3,2.7,10,3,
0.739924,12000,32,2.4,2.9,10,3,
0.739606,15000,32,2.3,2.5,10,3,
0.73945,12000,32,1.9,2.1,10,3,
0.739214,11000,32,1.5,2.1,10,3,
0.738944,14000,32,2.3,2.7,10,3,
0.738735,9000,32,1.9,2.1,10,3,
0.737786,15000,32,1.5,2.1,10,3,
0.737786,10000,32,1.5,2.1,10,3,
0.737413,13000,32,2.4,2.8,10,3,
0.737389,14000,32,2,2.2,10,3,
0.737307,10000,32,1.9,2.1,10,3,
0.737307,11000,32,1.9,2.1,10,3,
0.736381,15000,32,2.4,3.1,10,3,
0.736235,13000,32,1.9,2.1,10,3,
0.736042,8000,32,2.5,3.1,10,3,
0.736,13000,32,1.5,2.1,10,3,
0.735603,15000,32,2,2.2,10,3,
0.734821,9000,32,2.3,2.5,10,3,
0.734736,14000,32,2.4,3.1,10,3,
0.733852,13000,32,2.4,2.9,10,3,
0.733185,9000,32,2.5,3.1,10,3,
0.733185,10000,32,2.5,3.1,10,3,
0.732821,14000,32,2.3,2.5,10,3,
0.732765,14000,32,2.3,2.6,10,3,
0.731989,8000,32,2.5,3.2,10,3,
0.729997,8000,32,2.3,2.4,10,3,
0.729963,10000,32,2.3,2.5,10,3,
0.729807,15000,32,1.9,2.1,10,3,
0.729716,14000,32,2.4,3.2,10,3,
0.729249,11000,32,2.3,2.5,10,3,
0.728918,9000,32,2.5,3.2,10,3,
0.728735,14000,32,1.9,2.1,10,3,
0.728328,12000,32,2.5,3.1,10,3,
0.728203,8000,32,2.5,3,10,3,
0.72813,12000,32,2.4,3,10,3,
0.727899,15000,32,2.2,2.3,10,3,
0.727899,12000,32,2.2,2.3,10,3,
0.727083,8000,32,2.5,2.9,10,3,
0.726113,13000,32,2.2,2.3,10,3,
0.726113,14000,32,2.2,2.3,10,3,
0.726067,14000,32,2.4,2.9,10,3,
0.72535,11000,32,2.4,2.7,10,3,
0.724465,12000,32,2.3,2.5,10,3,
0.724061,15000,32,2.4,3,10,3,
0.72406,13000,32,2.4,3,10,3,
0.723756,11000,32,2.5,3.1,10,3,
0.723433,15000,32,2.4,3.2,10,3,
0.723256,8000,32,2.2,2.3,10,3,
0.722821,13000,32,2.3,2.5,10,3,
0.72263,14000,32,2.4,3,10,3,
0.722132,10000,32,2.5,3.2,10,3,
0.721629,10000,32,2.5,3,10,3,
0.721422,10000,32,2.4,2.7,10,3,
0.721088,8000,32,2.5,2.8,10,3,
0.721064,9000,32,2.5,2.9,10,3,
0.720347,11000,32,2.5,3.2,10,3,
0.720064,8000,32,2.4,2.7,10,3,
0.719997,15000,32,2.3,2.4,10,3,
0.719997,14000,32,2.3,2.4,10,3,
0.719997,12000,32,2.3,2.4,10,3,
0.719997,10000,32,2.3,2.4,10,3,
0.719997,11000,32,2.3,2.4,10,3,
0.719997,9000,32,2.3,2.4,10,3,
0.719997,13000,32,2.3,2.4,10,3,
0.719466,10000,32,2.4,2.5,10,3,
0.719466,15000,32,2.4,2.5,10,3,
0.719466,12000,32,2.4,2.5,10,3,
0.719466,8000,32,2.4,2.5,10,3,
0.719466,11000,32,2.4,2.5,10,3,
0.719466,9000,32,2.4,2.5,10,3,
0.719466,13000,32,2.4,2.5,10,3,
0.718917,9000,32,2.5,3,10,3,
0.718431,9000,32,2,2.1,10,3,
0.718422,9000,32,2.4,2.7,10,3,
0.717627,14000,32,2.4,2.5,10,3,
0.717138,15000,32,2.4,2.9,10,3,
0.716971,13000,32,2.5,3.1,10,3,
0.716918,12000,32,2.5,3.2,10,3,
0.716488,11000,32,2.5,3,10,3,
0.716141,9000,32,1.8,2,10,3,
0.715961,8000,32,1.6,2,10,3,
0.715786,8000,32,1.8,2,10,3,
0.715587,9000,32,2.5,2.8,10,3,
0.71482,8000,32,1.5,2,10,3,
0.714361,11000,32,2,2.1,10,3,
0.714328,9000,32,2.2,2.3,10,3,
0.714064,11000,32,2.5,2.9,10,3,
0.713818,9000,32,1.6,2,10,3,
0.713788,10000,32,2,2.1,10,3,
0.713461,10000,32,1.6,2,10,3,
0.712717,12000,32,2,2.1,10,3,
0.711856,10000,32,1.8,2,10,3,
0.711032,9000,32,1.5,2,10,3,
0.71079,15000,32,2,2.1,10,3,
0.710778,10000,32,2.5,2.9,10,3,
0.710675,11000,32,1.6,2,10,3,
0.710433,14000,32,2,2.1,10,3,
0.710076,13000,32,2,2.1,10,3,
0.709502,8000,32,2,2.1,10,3,
0.709399,15000,32,2.5,3.1,10,3,
0.709376,14000,32,2.4,2.8,10,3,
0.709345,12000,32,2.5,3,10,3,
0.709061,13000,32,2.5,3.2,10,3,
0.708946,8000,32,2.5,2.7,10,3,
0.708616,8000,32,2.4,2.6,10,3,
0.708064,12000,32,2.4,2.7,10,3,
0.707677,11000,32,1.5,2,10,3,
0.707187,10000,32,2.4,2.6,10,3,
0.707113,10000,32,2.2,2.3,10,3,
0.707103,10000,32,1.5,2,10,3,
0.707033,12000,32,1.6,2,10,3,
0.706991,12000,32,2.5,2.9,10,3,
0.706318,13000,32,1.6,2,10,3,
0.706064,13000,32,2.4,2.7,10,3,
0.705318,12000,32,1.5,2,10,3,
0.704685,14000,32,2.5,3.1,10,3,
0.704246,13000,32,1.5,2,10,3,
0.703908,15000,32,2.3,2.6,10,3,
0.703899,11000,32,2.2,2.3,10,3,
0.703841,15000,32,2.4,2.8,10,3,
0.703391,15000,32,1.5,2,10,3,
0.703391,14000,32,1.5,2,10,3,
0.703061,15000,32,2.5,3.2,10,3,
0.702786,11000,32,1.8,2,10,3,
0.701517,8000,32,1.7,2,10,3,
0.70116,9000,32,1.7,2,10,3,
0.70073,10000,32,2.5,2.8,10,3,
0.69933,11000,32,2.4,2.6,10,3,
0.698774,13000,32,2.5,3,10,3,
0.697187,9000,32,2.4,2.6,10,3,
0.697175,14000,32,1.6,2,10,3,
0.696194,10000,32,2.5,2.7,10,3,
0.695533,15000,32,1.6,2,10,3,
0.694778,13000,32,2.5,2.9,10,3,
0.694635,15000,32,2.5,2.9,10,3,
0.693881,14000,32,2.5,3.2,10,3,
0.693616,14000,32,2.4,2.6,10,3,
0.693616,15000,32,2.4,2.6,10,3,
0.693616,13000,32,2.4,2.6,10,3,
0.693616,12000,32,2.4,2.6,10,3,
0.693372,10000,32,2.1,2.2,10,3,
0.6923,9000,32,2.1,2.2,10,3,
0.692099,15000,32,2.5,2.6,10,3,
0.692099,11000,32,2.5,2.6,10,3,
0.692099,10000,32,2.5,2.6,10,3,
0.690837,11000,32,2.5,2.7,10,3,
0.690454,12000,32,2.5,2.6,10,3,
0.690261,14000,32,2.5,2.6,10,3,
0.690261,13000,32,2.5,2.6,10,3,
0.690158,8000,32,2.1,2.2,10,3,
0.689304,9000,32,2.5,2.7,10,3,
0.689201,14000,32,2.5,3,10,3,
0.689161,13000,32,2.1,2.2,10,3,
0.689161,14000,32,2.1,2.2,10,3,
0.688423,9000,32,2.5,2.6,10,3,
0.687945,10000,32,1.7,2,10,3,
0.687658,12000,32,2.1,2.2,10,3,
0.687417,15000,32,2.5,3,10,3,
0.686584,8000,32,2.5,2.6,10,3,
0.686207,14000,32,2.4,2.7,10,3,
0.685588,11000,32,2.5,2.8,10,3,
0.6848,11000,32,2.1,2.2,10,3,
0.684516,12000,32,2.5,2.8,10,3,
0.682636,15000,32,2.4,2.7,10,3,
0.681229,15000,32,2.1,2.2,10,3,
0.681194,13000,32,2.5,2.7,10,3,
0.681194,12000,32,2.5,2.7,10,3,
0.676998,12000,32,1.8,2,10,3,
0.676517,11000,32,1.7,2,10,3,
0.67548,15000,32,2.5,2.7,10,3,
0.67548,14000,32,2.5,2.7,10,3,
0.672713,13000,32,1.8,2,10,3,
0.672215,15000,32,1.8,2,10,3,
0.671874,12000,32,1.7,2,10,3,
0.669731,13000,32,1.7,2,10,3,
0.669141,14000,32,1.8,2,10,3,
0.664516,15000,32,2.5,2.8,10,3,
0.661295,14000,32,2.5,2.9,10,3,
0.660945,13000,32,2.5,2.8,10,3,
0.660588,14000,32,2.5,2.8,10,3,
0.660088,14000,32,1.7,2,10,3,
0.659374,15000,32,1.7,2,10,3,
0.643515,10000,32,1.9,2,10,3,
0.64134,12000,32,1.9,2,10,3,
0.641015,15000,32,1.9,2,10,3,
0.63884,8000,32,1.9,2,10,3,
0.638158,11000,32,1.9,2,10,3,
0.637087,9000,32,1.9,2,10,3,
0.633977,14000,32,1.9,2,10,3,
0.630301,13000,32,1.9,2,10,3,
0,13000,32,2.5,2.3,10,3,
0,9000,32,2.3,2,10,3,
0,15000,32,2.1,2,10,3,
0,15000,32,2.1,2.1,10,3,
0,13000,32,2.3,2.1,10,3,
0,9000,32,2.2,2.2,10,3,
0,9000,32,2.2,2.1,10,3,
0,9000,32,2.2,2,10,3,
0,13000,32,2.3,2.2,10,3,
0,13000,32,2.5,2.4,10,3,
0,9000,32,2.3,2.1,10,3,
0,9000,32,2.1,2.1,10,3,
0,9000,32,2.1,2,10,3,
0,9000,32,2,2,10,3,
0,13000,32,2.5,2.2,10,3,
0,13000,32,2.3,2.3,10,3,
0,14000,32,2,2,10,3,
0,15000,32,2.2,2,10,3,
0,15000,32,2.2,2.1,10,3,
0,15000,32,2.2,2.2,10,3,
0,9000,32,2.5,2.1,10,3,
0,10000,32,2.1,2.1,10,3,
0,13000,32,2.2,2,10,3,
0,13000,32,2.2,2.1,10,3,
0,13000,32,2.2,2.2,10,3,
0,9000,32,2.5,2.5,10,3,
0,13000,32,2.5,2.5,10,3,
0,9000,32,2.5,2.4,10,3,
0,9000,32,2.5,2.3,10,3,
0,9000,32,2.5,2.2,10,3,
0,15000,32,2,2,10,3,
0,8000,32,2.5,2.5,10,3,
0,9000,32,2.5,2,10,3,
0,13000,32,2.3,2,10,3,
0,9000,32,2.4,2.4,10,3,
0,9000,32,2.4,2.3,10,3,
0,9000,32,2.4,2.2,10,3,
0,9000,32,2.4,2.1,10,3,
0,9000,32,2.4,2,10,3,
0,9000,32,2.3,2.3,10,3,
0,9000,32,2.3,2.2,10,3,
0,8000,32,2.1,2.1,10,3,
0,8000,32,2.2,2,10,3,
0,15000,32,2.4,2,10,3,
0,15000,32,2.4,2.1,10,3,
0,15000,32,2.4,2.2,10,3,
0,15000,32,2.4,2.3,10,3,
0,15000,32,2.4,2.4,10,3,
0,13000,32,2.4,2.1,10,3,
0,13000,32,2.4,2.2,10,3,
0,13000,32,2.4,2.3,10,3,
0,13000,32,2.4,2.4,10,3,
0,8000,32,2.2,2.1,10,3,
0,8000,32,2.1,2,10,3,
0,8000,32,2,2,10,3,
0,13000,32,2.5,2.1,10,3,
0,15000,32,2.5,2,10,3,
0,13000,32,2.5,2,10,3,
0,15000,32,2.5,2.1,10,3,
0,15000,32,2.5,2.2,10,3,
0,15000,32,2.5,2.3,10,3,
0,15000,32,2.5,2.4,10,3,
0,15000,32,2.3,2.1,10,3,
0,8000,32,2.5,2.4,10,3,
0,8000,32,2.5,2.3,10,3,
0,8000,32,2.5,2.2,10,3,
0,8000,32,2.5,2.1,10,3,
0,8000,32,2.5,2,10,3,
0,8000,32,2.4,2.4,10,3,
0,8000,32,2.4,2.3,10,3,
0,8000,32,2.4,2.2,10,3,
0,8000,32,2.4,2.1,10,3,
0,15000,32,2.3,2,10,3,
0,15000,32,2.5,2.5,10,3,
0,15000,32,2.3,2.2,10,3,
0,15000,32,2.3,2.3,10,3,
0,8000,32,2.4,2,10,3,
0,8000,32,2.3,2.3,10,3,
0,13000,32,2.4,2,10,3,
0,8000,32,2.3,2.2,10,3,
0,8000,32,2.3,2.1,10,3,
0,8000,32,2.3,2,10,3,
0,8000,32,2.2,2.2,10,3,
0,14000,32,2.2,2.2,10,3,
0,14000,32,2.5,2.2,10,3,
0,14000,32,2.5,2.3,10,3,
0,14000,32,2.5,2.4,10,3,
0,14000,32,2.5,2.5,10,3,
0,12000,32,2.4,2.1,10,3,
0,12000,32,2.4,2.2,10,3,
0,12000,32,2.4,2.3,10,3,
0,12000,32,2.4,2.4,10,3,
0,12000,32,2.5,2,10,3,
0,12000,32,2.5,2.1,10,3,
0,14000,32,2.5,2.1,10,3,
0,14000,32,2.2,2.1,10,3,
0,11000,32,2.5,2.5,10,3,
0,11000,32,2.5,2.4,10,3,
0,11000,32,2.5,2.3,10,3,
0,11000,32,2.5,2.2,10,3,
0,11000,32,2.5,2.1,10,3,
0,11000,32,2.5,2,10,3,
0,14000,32,2.2,2,10,3,
0,11000,32,2.4,2.4,10,3,
0,11000,32,2.4,2.3,10,3,
0,14000,32,2.4,2.3,10,3,
0,12000,32,2.2,2.2,10,3,
0,12000,32,2.2,2.1,10,3,
0,12000,32,2.2,2,10,3,
0,12000,32,2.3,2.1,10,3,
0,12000,32,2.1,2.1,10,3,
0,12000,32,2.1,2,10,3,
0,12000,32,2,2,10,3,
0,14000,32,2.4,2,10,3,
0,14000,32,2.4,2.1,10,3,
0,14000,32,2.4,2.2,10,3,
0,11000,32,2.4,2.2,10,3,
0,14000,32,2.4,2.4,10,3,
0,14000,32,2.3,2.3,10,3,
0,14000,32,2.3,2.2,10,3,
0,14000,32,2.3,2.1,10,3,
0,14000,32,2.3,2,10,3,
0,12000,32,2.3,2.2,10,3,
0,12000,32,2.3,2.3,10,3,
0,12000,32,2.4,2,10,3,
0,14000,32,2.5,2,10,3,
0,10000,32,2.3,2.3,10,3,
0,10000,32,2.5,2.3,10,3,
0,10000,32,2.5,2.2,10,3,
0,10000,32,2.5,2.1,10,3,
0,10000,32,2.5,2,10,3,
0,13000,32,2.1,2,10,3,
0,10000,32,2.4,2.4,10,3,
0,10000,32,2.4,2.3,10,3,
0,10000,32,2.4,2.2,10,3,
0,10000,32,2.4,2.1,10,3,
0,10000,32,2.4,2,10,3,
0,10000,32,2.5,2.4,10,3,
0,10000,32,2.3,2.2,10,3,
0,10000,32,2.3,2.1,10,3,
0,10000,32,2.3,2,10,3,
0,10000,32,2.2,2.2,10,3,
0,10000,32,2.2,2.1,10,3,
0,10000,32,2.2,2,10,3,
0,13000,32,2.1,2.1,10,3,
0,12000,32,2.3,2,10,3,
0,10000,32,2.1,2,10,3,
0,11000,32,2.2,2,10,3,
0,11000,32,2.4,2.1,10,3,
0,11000,32,2.4,2,10,3,
0,12000,32,2.5,2.2,10,3,
0,11000,32,2.3,2.3,10,3,
0,11000,32,2.3,2.2,10,3,
0,11000,32,2.3,2.1,10,3,
0,11000,32,2.3,2,10,3,
0,12000,32,2.5,2.3,10,3,
0,11000,32,2.2,2.2,10,3,
0,11000,32,2.2,2.1,10,3,
0,10000,32,2,2,10,3,
0,12000,32,2.5,2.4,10,3,
0,11000,32,2.1,2.1,10,3,
0,11000,32,2.1,2,10,3,
0,11000,32,2,2,10,3,
0,12000,32,2.5,2.5,10,3,
0,14000,32,2.1,2.1,10,3,
0,14000,32,2.1,2,10,3,
0,13000,32,2,2,10,3,
0,10000,32,2.5,2.5,10,3,
